# Informe: Análisis de Comportamiento Académico por Bloques NCD/Gzip y Árboles Bayesianos

Este informe de investigación académica consolida los resultados del experimento automatizado llevado a cabo sobre el modelo de factores socioacadémicos utilizando la distancia de compresión normalizada (NCD), **particionamiento jerárquico por bloques de rendimiento (50%, 25%, 12.5%)** y **Árboles Bayesianos Probabilísticos (MST Dirigidos de Probabilidad Conjunta)**.

**Fecha de ejecución:** 20/07/2026 07:51  
**Total de estudiantes analizados:** 6577

---

## 1. Limpieza y Validación de Datos

El dataset original pasó por un proceso de limpieza para garantizar la calidad y lógica de los datos.

*   **Filas originales:** 6607
*   **Duplicados eliminados:** 29
*   **Filas nulas eliminadas:** 0
*   **Registros no numéricos eliminados:** 0
*   **Registros fuera de rango eliminados:** 1
*   **Filas finales retenidas:** 6577 (99.55%)

---

## 2. Definición de Bloques y Muestras por Nivel

Los estudiantes se ordenaron de manera descendente según su rendimiento académico (**X11 - Promedio Final**) y se generaron bloques continuos para 3 niveles de análisis:

*   **Nivel 50%:** 
    * `Best_50`: Top 50% (3288 estudiantes)
    * `Worst_50`: Bottom 50% (3289 estudiantes)
*   **Nivel 25% (4 Cuartiles):**
    * `Best_25_1` (0% - 25%), `Best_25_2` (25% - 50%), `Worst_25_1` (50% - 75%), `Worst_25_2` (75% - 100%)
*   **Nivel 12.5% (8 Octiles):**
    * `Best_12.5_1` a `Best_12.5_4` (Mejores) y `Worst_12.5_1` a `Worst_12.5_4` (Peores)

Todas las submuestras han sido almacenadas en sus carpetas correspondientes `results/nivel_<X>/tablas/`.

---

## 3. Matrices NCD (Normalized Compression Distance)

A continuación se presentan las matrices de distancia calculadas para cada bloque de rendimiento. Un valor cercano a `0` indica alta similitud/relación y un valor cercano a `1` indica independencia.

### Matriz NCD - Best_50 (Nivel 50%)

| X1 | X2 | X3 | X4 | X5 | X6 | X7 | X8 | X9 | X10 |
| --- | --- | --- | --- | --- | --- | --- | --- | --- | --- |
| 0.0000 | 0.9619 | 1.0000 | 1.0000 | 1.0000 | 0.9709 | 0.9687 | 1.0000 | 1.0000 | 1.0000 |
| 0.9619 | 0.0000 | 1.0000 | 1.0000 | 1.0000 | 0.9635 | 0.9864 | 1.0000 | 1.0000 | 1.0000 |
| 1.0000 | 1.0000 | 0.0000 | 1.0000 | 1.0000 | 1.0000 | 1.0000 | 0.9696 | 1.0000 | 1.0000 |
| 1.0000 | 1.0000 | 1.0000 | 0.0000 | 0.9779 | 0.9966 | 1.0000 | 1.0000 | 1.0000 | 1.0000 |
| 1.0000 | 1.0000 | 1.0000 | 0.9779 | 0.0000 | 0.9568 | 1.0000 | 1.0000 | 1.0000 | 1.0000 |
| 0.9709 | 0.9635 | 1.0000 | 0.9966 | 0.9568 | 0.0000 | 0.9850 | 1.0000 | 1.0000 | 1.0000 |
| 0.9687 | 0.9864 | 1.0000 | 1.0000 | 1.0000 | 0.9850 | 0.0000 | 1.0000 | 1.0000 | 1.0000 |
| 1.0000 | 1.0000 | 0.9696 | 1.0000 | 1.0000 | 1.0000 | 1.0000 | 0.0000 | 1.0000 | 1.0000 |
| 1.0000 | 1.0000 | 1.0000 | 1.0000 | 1.0000 | 1.0000 | 1.0000 | 1.0000 | 0.0000 | 1.0000 |
| 1.0000 | 1.0000 | 1.0000 | 1.0000 | 1.0000 | 1.0000 | 1.0000 | 1.0000 | 1.0000 | 0.0000 |

### Matriz NCD - Worst_50 (Nivel 50%)

| X1 | X2 | X3 | X4 | X5 | X6 | X7 | X8 | X9 | X10 |
| --- | --- | --- | --- | --- | --- | --- | --- | --- | --- |
| 0.0000 | 0.9626 | 1.0000 | 1.0000 | 1.0000 | 0.9736 | 0.9626 | 1.0000 | 1.0000 | 1.0000 |
| 0.9626 | 0.0000 | 1.0000 | 1.0000 | 1.0000 | 0.9575 | 0.9827 | 1.0000 | 1.0000 | 1.0000 |
| 1.0000 | 1.0000 | 0.0000 | 1.0000 | 1.0000 | 1.0000 | 1.0000 | 0.9482 | 1.0000 | 1.0000 |
| 1.0000 | 1.0000 | 1.0000 | 0.0000 | 0.9737 | 0.9966 | 1.0000 | 1.0000 | 1.0000 | 1.0000 |
| 1.0000 | 1.0000 | 1.0000 | 0.9737 | 0.0000 | 0.9356 | 1.0000 | 1.0000 | 1.0000 | 1.0000 |
| 0.9736 | 0.9575 | 1.0000 | 0.9966 | 0.9356 | 0.0000 | 0.9842 | 1.0000 | 1.0000 | 1.0000 |
| 0.9626 | 0.9827 | 1.0000 | 1.0000 | 1.0000 | 0.9842 | 0.0000 | 1.0000 | 1.0000 | 1.0000 |
| 1.0000 | 1.0000 | 0.9482 | 1.0000 | 1.0000 | 1.0000 | 1.0000 | 0.0000 | 1.0000 | 1.0000 |
| 1.0000 | 1.0000 | 1.0000 | 1.0000 | 1.0000 | 1.0000 | 1.0000 | 1.0000 | 0.0000 | 1.0000 |
| 1.0000 | 1.0000 | 1.0000 | 1.0000 | 1.0000 | 1.0000 | 1.0000 | 1.0000 | 1.0000 | 0.0000 |

### Matriz NCD - Best_25_1 (Nivel 25%)

| X1 | X2 | X3 | X4 | X5 | X6 | X7 | X8 | X9 | X10 |
| --- | --- | --- | --- | --- | --- | --- | --- | --- | --- |
| 0.0000 | 0.9257 | 1.0000 | 1.0000 | 1.0000 | 0.9398 | 0.9490 | 1.0000 | 1.0000 | 1.0000 |
| 0.9257 | 0.0000 | 1.0000 | 1.0000 | 0.9577 | 0.9287 | 0.9644 | 1.0000 | 1.0000 | 1.0000 |
| 1.0000 | 1.0000 | 0.0000 | 1.0000 | 1.0000 | 0.9987 | 1.0000 | 0.9466 | 0.9987 | 1.0000 |
| 1.0000 | 1.0000 | 1.0000 | 0.0000 | 0.9498 | 0.9734 | 1.0000 | 1.0000 | 1.0000 | 1.0000 |
| 1.0000 | 0.9577 | 1.0000 | 0.9498 | 0.0000 | 0.9019 | 1.0000 | 1.0000 | 1.0000 | 1.0000 |
| 0.9398 | 0.9287 | 0.9987 | 0.9734 | 0.9019 | 0.0000 | 0.9668 | 1.0000 | 1.0000 | 0.9856 |
| 0.9490 | 0.9644 | 1.0000 | 1.0000 | 1.0000 | 0.9668 | 0.0000 | 1.0000 | 1.0000 | 1.0000 |
| 1.0000 | 1.0000 | 0.9466 | 1.0000 | 1.0000 | 1.0000 | 1.0000 | 0.0000 | 0.9994 | 0.9876 |
| 1.0000 | 1.0000 | 0.9987 | 1.0000 | 1.0000 | 1.0000 | 1.0000 | 0.9994 | 0.0000 | 1.0000 |
| 1.0000 | 1.0000 | 1.0000 | 1.0000 | 1.0000 | 0.9856 | 1.0000 | 0.9876 | 1.0000 | 0.0000 |

### Matriz NCD - Best_25_2 (Nivel 25%)

| X1 | X2 | X3 | X4 | X5 | X6 | X7 | X8 | X9 | X10 |
| --- | --- | --- | --- | --- | --- | --- | --- | --- | --- |
| 0.0000 | 0.9281 | 1.0000 | 1.0000 | 1.0000 | 0.9381 | 0.9428 | 1.0000 | 1.0000 | 1.0000 |
| 0.9281 | 0.0000 | 1.0000 | 1.0000 | 0.9578 | 0.9222 | 0.9568 | 1.0000 | 1.0000 | 1.0000 |
| 1.0000 | 1.0000 | 0.0000 | 1.0000 | 1.0000 | 1.0000 | 1.0000 | 0.9263 | 1.0000 | 1.0000 |
| 1.0000 | 1.0000 | 1.0000 | 0.0000 | 0.9502 | 0.9735 | 1.0000 | 1.0000 | 1.0000 | 1.0000 |
| 1.0000 | 0.9578 | 1.0000 | 0.9502 | 0.0000 | 0.8965 | 1.0000 | 1.0000 | 1.0000 | 1.0000 |
| 0.9381 | 0.9222 | 1.0000 | 0.9735 | 0.8965 | 0.0000 | 0.9593 | 1.0000 | 1.0000 | 0.9927 |
| 0.9428 | 0.9568 | 1.0000 | 1.0000 | 1.0000 | 0.9593 | 0.0000 | 1.0000 | 1.0000 | 1.0000 |
| 1.0000 | 1.0000 | 0.9263 | 1.0000 | 1.0000 | 1.0000 | 1.0000 | 0.0000 | 1.0000 | 0.9860 |
| 1.0000 | 1.0000 | 1.0000 | 1.0000 | 1.0000 | 1.0000 | 1.0000 | 1.0000 | 0.0000 | 1.0000 |
| 1.0000 | 1.0000 | 1.0000 | 1.0000 | 1.0000 | 0.9927 | 1.0000 | 0.9860 | 1.0000 | 0.0000 |

### Matriz NCD - Worst_25_1 (Nivel 25%)

| X1 | X2 | X3 | X4 | X5 | X6 | X7 | X8 | X9 | X10 |
| --- | --- | --- | --- | --- | --- | --- | --- | --- | --- |
| 0.0000 | 0.9272 | 1.0000 | 1.0000 | 0.9882 | 0.9409 | 0.9413 | 1.0000 | 1.0000 | 1.0000 |
| 0.9272 | 0.0000 | 1.0000 | 0.9969 | 0.9501 | 0.9284 | 0.9600 | 1.0000 | 1.0000 | 1.0000 |
| 1.0000 | 1.0000 | 0.0000 | 1.0000 | 1.0000 | 1.0000 | 1.0000 | 0.9421 | 1.0000 | 1.0000 |
| 1.0000 | 0.9969 | 1.0000 | 0.0000 | 0.9446 | 0.9692 | 1.0000 | 1.0000 | 1.0000 | 1.0000 |
| 0.9882 | 0.9501 | 1.0000 | 0.9446 | 0.0000 | 0.8732 | 1.0000 | 1.0000 | 1.0000 | 1.0000 |
| 0.9409 | 0.9284 | 1.0000 | 0.9692 | 0.8732 | 0.0000 | 0.9638 | 1.0000 | 1.0000 | 1.0000 |
| 0.9413 | 0.9600 | 1.0000 | 1.0000 | 1.0000 | 0.9638 | 0.0000 | 1.0000 | 1.0000 | 1.0000 |
| 1.0000 | 1.0000 | 0.9421 | 1.0000 | 1.0000 | 1.0000 | 1.0000 | 0.0000 | 1.0000 | 0.9850 |
| 1.0000 | 1.0000 | 1.0000 | 1.0000 | 1.0000 | 1.0000 | 1.0000 | 1.0000 | 0.0000 | 1.0000 |
| 1.0000 | 1.0000 | 1.0000 | 1.0000 | 1.0000 | 1.0000 | 1.0000 | 0.9850 | 1.0000 | 0.0000 |

### Matriz NCD - Worst_25_2 (Nivel 25%)

| X1 | X2 | X3 | X4 | X5 | X6 | X7 | X8 | X9 | X10 |
| --- | --- | --- | --- | --- | --- | --- | --- | --- | --- |
| 0.0000 | 0.9135 | 1.0000 | 1.0000 | 0.9923 | 0.9346 | 0.9380 | 1.0000 | 1.0000 | 1.0000 |
| 0.9135 | 0.0000 | 1.0000 | 0.9968 | 0.9615 | 0.9070 | 0.9509 | 1.0000 | 1.0000 | 1.0000 |
| 1.0000 | 1.0000 | 0.0000 | 1.0000 | 1.0000 | 1.0000 | 1.0000 | 0.9135 | 1.0000 | 1.0000 |
| 1.0000 | 0.9968 | 1.0000 | 0.0000 | 0.9479 | 0.9684 | 1.0000 | 1.0000 | 1.0000 | 1.0000 |
| 0.9923 | 0.9615 | 1.0000 | 0.9479 | 0.0000 | 0.8825 | 1.0000 | 1.0000 | 1.0000 | 1.0000 |
| 0.9346 | 0.9070 | 1.0000 | 0.9684 | 0.8825 | 0.0000 | 0.9548 | 1.0000 | 1.0000 | 0.9902 |
| 0.9380 | 0.9509 | 1.0000 | 1.0000 | 1.0000 | 0.9548 | 0.0000 | 1.0000 | 1.0000 | 1.0000 |
| 1.0000 | 1.0000 | 0.9135 | 1.0000 | 1.0000 | 1.0000 | 1.0000 | 0.0000 | 1.0000 | 0.9846 |
| 1.0000 | 1.0000 | 1.0000 | 1.0000 | 1.0000 | 1.0000 | 1.0000 | 1.0000 | 0.0000 | 1.0000 |
| 1.0000 | 1.0000 | 1.0000 | 1.0000 | 1.0000 | 0.9902 | 1.0000 | 0.9846 | 1.0000 | 0.0000 |

### Matriz NCD - Best_12.5_1 (Nivel 12.5%)

| X1 | X2 | X3 | X4 | X5 | X6 | X7 | X8 | X9 | X10 |
| --- | --- | --- | --- | --- | --- | --- | --- | --- | --- |
| 0.0000 | 0.8649 | 1.0000 | 0.9721 | 0.9291 | 0.9223 | 0.9135 | 1.0000 | 1.0000 | 1.0000 |
| 0.8649 | 0.0000 | 1.0000 | 0.9387 | 0.8841 | 0.9058 | 0.9256 | 1.0000 | 1.0000 | 0.9937 |
| 1.0000 | 1.0000 | 0.0000 | 1.0000 | 0.9977 | 0.9884 | 1.0000 | 0.9130 | 0.9715 | 0.9674 |
| 0.9721 | 0.9387 | 1.0000 | 0.0000 | 0.8914 | 0.9526 | 1.0000 | 1.0000 | 1.0000 | 0.9721 |
| 0.9291 | 0.8841 | 0.9977 | 0.8914 | 0.0000 | 0.8606 | 0.9618 | 1.0000 | 1.0000 | 0.9651 |
| 0.9223 | 0.9058 | 0.9884 | 0.9526 | 0.8606 | 0.0000 | 0.9577 | 0.9908 | 1.0000 | 0.9714 |
| 0.9135 | 0.9256 | 1.0000 | 1.0000 | 0.9618 | 0.9577 | 0.0000 | 1.0000 | 1.0000 | 1.0000 |
| 1.0000 | 1.0000 | 0.9130 | 1.0000 | 1.0000 | 0.9908 | 1.0000 | 0.0000 | 0.9728 | 0.9519 |
| 1.0000 | 1.0000 | 0.9715 | 1.0000 | 1.0000 | 1.0000 | 1.0000 | 0.9728 | 0.0000 | 1.0000 |
| 1.0000 | 0.9937 | 0.9674 | 0.9721 | 0.9651 | 0.9714 | 1.0000 | 0.9519 | 1.0000 | 0.0000 |

### Matriz NCD - Best_12.5_2 (Nivel 12.5%)

| X1 | X2 | X3 | X4 | X5 | X6 | X7 | X8 | X9 | X10 |
| --- | --- | --- | --- | --- | --- | --- | --- | --- | --- |
| 0.0000 | 0.8586 | 1.0000 | 0.9785 | 0.9408 | 0.8947 | 0.9080 | 1.0000 | 1.0000 | 1.0000 |
| 0.8586 | 0.0000 | 1.0000 | 0.9435 | 0.8867 | 0.8750 | 0.9141 | 1.0000 | 1.0000 | 0.9902 |
| 1.0000 | 1.0000 | 0.0000 | 0.9929 | 0.9859 | 0.9835 | 1.0000 | 0.8949 | 0.9813 | 0.9576 |
| 0.9785 | 0.9435 | 0.9929 | 0.0000 | 0.8952 | 0.9409 | 1.0000 | 1.0000 | 1.0000 | 0.9651 |
| 0.9408 | 0.8867 | 0.9859 | 0.8952 | 0.0000 | 0.8327 | 0.9652 | 1.0000 | 1.0000 | 0.9574 |
| 0.8947 | 0.8750 | 0.9835 | 0.9409 | 0.8327 | 0.0000 | 0.9407 | 0.9813 | 1.0000 | 0.9574 |
| 0.9080 | 0.9141 | 1.0000 | 1.0000 | 0.9652 | 0.9407 | 0.0000 | 1.0000 | 1.0000 | 1.0000 |
| 1.0000 | 1.0000 | 0.8949 | 1.0000 | 1.0000 | 0.9813 | 1.0000 | 0.0000 | 0.9883 | 0.9486 |
| 1.0000 | 1.0000 | 0.9813 | 1.0000 | 1.0000 | 1.0000 | 1.0000 | 0.9883 | 0.0000 | 1.0000 |
| 1.0000 | 0.9902 | 0.9576 | 0.9651 | 0.9574 | 0.9574 | 1.0000 | 0.9486 | 1.0000 | 0.0000 |

### Matriz NCD - Best_12.5_3 (Nivel 12.5%)

| X1 | X2 | X3 | X4 | X5 | X6 | X7 | X8 | X9 | X10 |
| --- | --- | --- | --- | --- | --- | --- | --- | --- | --- |
| 0.0000 | 0.8691 | 1.0000 | 0.9835 | 0.9497 | 0.8993 | 0.9000 | 1.0000 | 1.0000 | 1.0000 |
| 0.8691 | 0.0000 | 1.0000 | 0.9587 | 0.9026 | 0.8801 | 0.9152 | 1.0000 | 1.0000 | 0.9968 |
| 1.0000 | 1.0000 | 0.0000 | 1.0000 | 1.0000 | 0.9858 | 1.0000 | 0.8817 | 0.9807 | 0.9670 |
| 0.9835 | 0.9587 | 1.0000 | 0.0000 | 0.9063 | 0.9449 | 1.0000 | 1.0000 | 1.0000 | 0.9780 |
| 0.9497 | 0.9026 | 1.0000 | 0.9063 | 0.0000 | 0.8427 | 0.9717 | 1.0000 | 1.0000 | 0.9744 |
| 0.8993 | 0.8801 | 0.9858 | 0.9449 | 0.8427 | 0.0000 | 0.9326 | 0.9884 | 1.0000 | 0.9712 |
| 0.9000 | 0.9152 | 1.0000 | 1.0000 | 0.9717 | 0.9326 | 0.0000 | 1.0000 | 1.0000 | 1.0000 |
| 1.0000 | 1.0000 | 0.8817 | 1.0000 | 1.0000 | 0.9884 | 1.0000 | 0.0000 | 0.9909 | 0.9466 |
| 1.0000 | 1.0000 | 0.9807 | 1.0000 | 1.0000 | 1.0000 | 1.0000 | 0.9909 | 0.0000 | 1.0000 |
| 1.0000 | 0.9968 | 0.9670 | 0.9780 | 0.9744 | 0.9712 | 1.0000 | 0.9466 | 1.0000 | 0.0000 |

### Matriz NCD - Best_12.5_4 (Nivel 12.5%)

| X1 | X2 | X3 | X4 | X5 | X6 | X7 | X8 | X9 | X10 |
| --- | --- | --- | --- | --- | --- | --- | --- | --- | --- |
| 0.0000 | 0.8638 | 1.0000 | 0.9586 | 0.9136 | 0.9070 | 0.8987 | 1.0000 | 1.0000 | 1.0000 |
| 0.8638 | 0.0000 | 1.0000 | 0.9365 | 0.8813 | 0.9065 | 0.9135 | 1.0000 | 1.0000 | 0.9902 |
| 1.0000 | 1.0000 | 0.0000 | 1.0000 | 0.9906 | 0.9930 | 1.0000 | 0.9063 | 0.9978 | 0.9602 |
| 0.9586 | 0.9365 | 1.0000 | 0.0000 | 0.8867 | 0.9530 | 0.9958 | 1.0000 | 1.0000 | 0.9669 |
| 0.9136 | 0.8813 | 0.9906 | 0.8867 | 0.0000 | 0.8346 | 0.9578 | 0.9927 | 1.0000 | 0.9475 |
| 0.9070 | 0.9065 | 0.9930 | 0.9530 | 0.8346 | 0.0000 | 0.9430 | 0.9855 | 1.0000 | 0.9607 |
| 0.8987 | 0.9135 | 1.0000 | 0.9958 | 0.9578 | 0.9430 | 0.0000 | 1.0000 | 1.0000 | 1.0000 |
| 1.0000 | 1.0000 | 0.9063 | 1.0000 | 0.9927 | 0.9855 | 1.0000 | 0.0000 | 1.0000 | 0.9346 |
| 1.0000 | 1.0000 | 0.9978 | 1.0000 | 1.0000 | 1.0000 | 1.0000 | 1.0000 | 0.0000 | 1.0000 |
| 1.0000 | 0.9902 | 0.9602 | 0.9669 | 0.9475 | 0.9607 | 1.0000 | 0.9346 | 1.0000 | 0.0000 |

### Matriz NCD - Worst_12.5_1 (Nivel 12.5%)

| X1 | X2 | X3 | X4 | X5 | X6 | X7 | X8 | X9 | X10 |
| --- | --- | --- | --- | --- | --- | --- | --- | --- | --- |
| 0.0000 | 0.8676 | 1.0000 | 0.9789 | 0.9238 | 0.8775 | 0.9004 | 1.0000 | 1.0000 | 1.0000 |
| 0.8676 | 0.0000 | 1.0000 | 0.9472 | 0.8727 | 0.8582 | 0.9153 | 1.0000 | 1.0000 | 0.9836 |
| 1.0000 | 1.0000 | 0.0000 | 1.0000 | 1.0000 | 0.9863 | 1.0000 | 0.9043 | 0.9933 | 0.9681 |
| 0.9789 | 0.9472 | 1.0000 | 0.0000 | 0.8971 | 0.9340 | 1.0000 | 1.0000 | 1.0000 | 0.9604 |
| 0.9238 | 0.8727 | 1.0000 | 0.8971 | 0.0000 | 0.7860 | 0.9555 | 0.9975 | 1.0000 | 0.9605 |
| 0.8775 | 0.8582 | 0.9863 | 0.9340 | 0.7860 | 0.0000 | 0.9258 | 0.9800 | 1.0000 | 0.9507 |
| 0.9004 | 0.9153 | 1.0000 | 1.0000 | 0.9555 | 0.9258 | 0.0000 | 1.0000 | 1.0000 | 1.0000 |
| 1.0000 | 1.0000 | 0.9043 | 1.0000 | 0.9975 | 0.9800 | 1.0000 | 0.0000 | 1.0000 | 0.9400 |
| 1.0000 | 1.0000 | 0.9933 | 1.0000 | 1.0000 | 1.0000 | 1.0000 | 1.0000 | 0.0000 | 1.0000 |
| 1.0000 | 0.9836 | 0.9681 | 0.9604 | 0.9605 | 0.9507 | 1.0000 | 0.9400 | 1.0000 | 0.0000 |

### Matriz NCD - Worst_12.5_2 (Nivel 12.5%)

| X1 | X2 | X3 | X4 | X5 | X6 | X7 | X8 | X9 | X10 |
| --- | --- | --- | --- | --- | --- | --- | --- | --- | --- |
| 0.0000 | 0.8629 | 1.0000 | 0.9749 | 0.9231 | 0.8997 | 0.8956 | 1.0000 | 1.0000 | 1.0000 |
| 0.8629 | 0.0000 | 1.0000 | 0.9525 | 0.8810 | 0.8885 | 0.9123 | 1.0000 | 1.0000 | 0.9934 |
| 1.0000 | 1.0000 | 0.0000 | 1.0000 | 0.9954 | 0.9886 | 1.0000 | 0.8815 | 0.9831 | 0.9658 |
| 0.9749 | 0.9525 | 1.0000 | 0.0000 | 0.8939 | 0.9358 | 0.9937 | 1.0000 | 1.0000 | 0.9721 |
| 0.9231 | 0.8810 | 0.9954 | 0.8939 | 0.0000 | 0.8080 | 0.9541 | 0.9926 | 1.0000 | 0.9568 |
| 0.8997 | 0.8885 | 0.9886 | 0.9358 | 0.8080 | 0.0000 | 0.9395 | 0.9876 | 1.0000 | 0.9668 |
| 0.8956 | 0.9123 | 1.0000 | 0.9937 | 0.9541 | 0.9395 | 0.0000 | 1.0000 | 1.0000 | 1.0000 |
| 1.0000 | 1.0000 | 0.8815 | 1.0000 | 0.9926 | 0.9876 | 1.0000 | 0.0000 | 0.9944 | 0.9480 |
| 1.0000 | 1.0000 | 0.9831 | 1.0000 | 1.0000 | 1.0000 | 1.0000 | 0.9944 | 0.0000 | 1.0000 |
| 1.0000 | 0.9934 | 0.9658 | 0.9721 | 0.9568 | 0.9668 | 1.0000 | 0.9480 | 1.0000 | 0.0000 |

### Matriz NCD - Worst_12.5_3 (Nivel 12.5%)

| X1 | X2 | X3 | X4 | X5 | X6 | X7 | X8 | X9 | X10 |
| --- | --- | --- | --- | --- | --- | --- | --- | --- | --- |
| 0.0000 | 0.8571 | 1.0000 | 0.9699 | 0.9351 | 0.8961 | 0.9091 | 1.0000 | 1.0000 | 1.0000 |
| 0.8571 | 0.0000 | 1.0000 | 0.9479 | 0.8962 | 0.8654 | 0.9154 | 1.0000 | 1.0000 | 0.9792 |
| 1.0000 | 1.0000 | 0.0000 | 1.0000 | 1.0000 | 0.9809 | 1.0000 | 0.8804 | 0.9918 | 0.9617 |
| 0.9699 | 0.9479 | 1.0000 | 0.0000 | 0.9014 | 0.9397 | 1.0000 | 1.0000 | 1.0000 | 0.9699 |
| 0.9351 | 0.8962 | 1.0000 | 0.9014 | 0.0000 | 0.8039 | 0.9641 | 0.9898 | 1.0000 | 0.9444 |
| 0.8961 | 0.8654 | 0.9809 | 0.9397 | 0.8039 | 0.0000 | 0.9366 | 0.9847 | 1.0000 | 0.9549 |
| 0.9091 | 0.9154 | 1.0000 | 1.0000 | 0.9641 | 0.9366 | 0.0000 | 1.0000 | 1.0000 | 1.0000 |
| 1.0000 | 1.0000 | 0.8804 | 1.0000 | 0.9898 | 0.9847 | 1.0000 | 0.0000 | 0.9965 | 0.9361 |
| 1.0000 | 1.0000 | 0.9918 | 1.0000 | 1.0000 | 1.0000 | 1.0000 | 0.9965 | 0.0000 | 1.0000 |
| 1.0000 | 0.9792 | 0.9617 | 0.9699 | 0.9444 | 0.9549 | 1.0000 | 0.9361 | 1.0000 | 0.0000 |

### Matriz NCD - Worst_12.5_4 (Nivel 12.5%)

| X1 | X2 | X3 | X4 | X5 | X6 | X7 | X8 | X9 | X10 |
| --- | --- | --- | --- | --- | --- | --- | --- | --- | --- |
| 0.0000 | 0.8510 | 1.0000 | 0.9886 | 0.9371 | 0.8907 | 0.9035 | 1.0000 | 1.0000 | 1.0000 |
| 0.8510 | 0.0000 | 1.0000 | 0.9571 | 0.8955 | 0.8507 | 0.9129 | 1.0000 | 1.0000 | 0.9897 |
| 1.0000 | 1.0000 | 0.0000 | 1.0000 | 0.9975 | 0.9803 | 1.0000 | 0.8428 | 0.9886 | 0.9509 |
| 0.9886 | 0.9571 | 1.0000 | 0.0000 | 0.8857 | 0.9314 | 1.0000 | 1.0000 | 1.0000 | 0.9657 |
| 0.9371 | 0.8955 | 0.9975 | 0.8857 | 0.0000 | 0.7799 | 0.9694 | 0.9897 | 1.0000 | 0.9448 |
| 0.8907 | 0.8507 | 0.9803 | 0.9314 | 0.7799 | 0.0000 | 0.9271 | 0.9742 | 1.0000 | 0.9483 |
| 0.9035 | 0.9129 | 1.0000 | 1.0000 | 0.9694 | 0.9271 | 0.0000 | 1.0000 | 1.0000 | 1.0000 |
| 1.0000 | 1.0000 | 0.8428 | 1.0000 | 0.9897 | 0.9742 | 1.0000 | 0.0000 | 0.9924 | 0.9457 |
| 1.0000 | 1.0000 | 0.9886 | 1.0000 | 1.0000 | 1.0000 | 1.0000 | 0.9924 | 0.0000 | 1.0000 |
| 1.0000 | 0.9897 | 0.9509 | 0.9657 | 0.9448 | 0.9483 | 1.0000 | 0.9457 | 1.0000 | 0.0000 |

---

## 4. Comparación de Topologías (Extremos de Rendimiento)

Al extraer el Árbol de Expansión Mínima (MST) de cada grafo y calcular el **Grado Ponderado** (suma de pesos de aristas incidentes en el árbol), evaluamos qué tan conectada y central es cada variable dentro de la red del grupo.

La diferencia se calcula entre los bloques de rendimiento extremo de cada nivel:
$$D = Grado_{Worst} - Grado_{Best}$$

Un valor de $D$ muy positivo o muy negativo muestra variables que cambian drásticamente su rol en el comportamiento de los estudiantes de bajo rendimiento frente a los de alto rendimiento.

### Comparación Extrema para Nivel 50%

| Variable | Nombre | Grado_Best | Grado_Worst | Diferencia_D | Abs_Diferencia |
| --- | --- | --- | --- | --- | --- |
| X6 | Beca | 1.9203 | 1.8931 | -0.0272 | 0.0272 |
| X5 | Trabaja | 1.9347 | 1.9093 | -0.0254 | 0.0254 |
| X3 | Ciclo | 1.9696 | 1.9482 | -0.0214 | 0.0214 |
| X8 | Tam.Fam | 0.9696 | 0.9482 | -0.0214 | 0.0214 |
| X7 | Educ.Jefe | 0.9687 | 0.9626 | -0.0061 | 0.0061 |
| X1 | Sexo | 4.9306 | 4.9252 | -0.0054 | 0.0054 |
| X2 | Zona | 1.9254 | 1.9201 | -0.0053 | 0.0053 |
| X4 | Ingreso | 0.9779 | 0.9737 | -0.0042 | 0.0042 |
| X9 | Asistencia | 1.0000 | 1.0000 | 0.0000 | 0.0000 |
| X10 | Desaprobados | 1.0000 | 1.0000 | 0.0000 | 0.0000 |

*   🔴 **Máximo Cambio:** Variable `X6` (Beca) con una diferencia $|D| = 0.0272$
*   🟢 **Mínimo Cambio:** Variable `X10` (Desaprobados) con una diferencia $|D| = 0.0000$

### Comparación Extrema para Nivel 25%

| Variable | Nombre | Grado_Best | Grado_Worst | Diferencia_D | Abs_Diferencia |
| --- | --- | --- | --- | --- | --- |
| X3 | Ciclo | 1.9454 | 0.9135 | -1.0319 | 1.0319 |
| X1 | Sexo | 1.8747 | 2.8514 | 0.9768 | 0.9768 |
| X6 | Beca | 2.8162 | 2.7797 | -0.0365 | 0.0365 |
| X8 | Tam.Fam | 1.9342 | 1.8981 | -0.0361 | 0.0361 |
| X2 | Zona | 1.8544 | 1.8205 | -0.0339 | 0.0339 |
| X5 | Trabaja | 1.8517 | 1.8304 | -0.0214 | 0.0214 |
| X7 | Educ.Jefe | 0.9490 | 0.9380 | -0.0110 | 0.0110 |
| X4 | Ingreso | 0.9498 | 0.9479 | -0.0020 | 0.0020 |
| X10 | Desaprobados | 1.9732 | 1.9748 | 0.0016 | 0.0016 |
| X9 | Asistencia | 0.9987 | 1.0000 | 0.0013 | 0.0013 |

*   🔴 **Máximo Cambio:** Variable `X3` (Ciclo) con una diferencia $|D| = 1.0319$
*   🟢 **Mínimo Cambio:** Variable `X9` (Asistencia) con una diferencia $|D| = 0.0013$

### Comparación Extrema para Nivel 12.5%

| Variable | Nombre | Grado_Best | Grado_Worst | Diferencia_D | Abs_Diferencia |
| --- | --- | --- | --- | --- | --- |
| X5 | Trabaja | 3.6011 | 2.6105 | -0.9906 | 0.9906 |
| X6 | Beca | 0.8606 | 1.6307 | 0.7701 | 0.7701 |
| X8 | Tam.Fam | 1.8650 | 1.7885 | -0.0765 | 0.0765 |
| X3 | Ciclo | 1.8846 | 1.8313 | -0.0533 | 0.0533 |
| X2 | Zona | 1.7489 | 1.7017 | -0.0472 | 0.0472 |
| X10 | Desaprobados | 1.9170 | 1.8906 | -0.0265 | 0.0265 |
| X1 | Sexo | 1.7783 | 1.7545 | -0.0238 | 0.0238 |
| X9 | Asistencia | 0.9715 | 0.9886 | 0.0170 | 0.0170 |
| X7 | Educ.Jefe | 0.9135 | 0.9035 | -0.0100 | 0.0100 |
| X4 | Ingreso | 0.8914 | 0.8857 | -0.0057 | 0.0057 |

*   🔴 **Máximo Cambio:** Variable `X5` (Trabaja) con una diferencia $|D| = 0.9906$
*   🟢 **Mínimo Cambio:** Variable `X4` (Ingreso) con una diferencia $|D| = 0.0057$

---

## 5. Análisis de Árboles Bayesianos (MST Dirigidos de Probabilidad Conjunta)

Para validar las dependencias de forma puramente probabilística, binarizamos todas las variables. Para cada par de variables $(X_i, X_j)$, encontramos la combinación de estados $(a, b)$ que maximiza su **Probabilidad Conjunta**:
$$P_{max}(X_i, X_j) = \max_{a,b} P(X_i=a, X_j=b)$$

Extraemos un Árbol de Expansión Mínima sobre las distancias $1 - P_{max}$ y lo orientamos de $X_i 	o X_j$ si $P(X_i = a) \le P(X_j = b)$.

Esto produce las redes dirigidas almacenadas en `results/nivel_<X>/graficos/arbol_bayesiano_*.png` y `results/global/arbol_bayesiano_Completo.png`.

---

## 6. Conclusiones y Discusión Académica

El análisis comparativo de las topologías y las dependencias bayesianas revela cambios estructurales críticos en las relaciones de los estudiantes:

1.  **Factores Determinantes:** Al comparar los bloques extremos (el 12.5% mejor vs el 12.5% peor), las variables cuyas relaciones y centralidad topológica cambian de forma más radical son **Trabaja (X5)** y **Beca (X6)**.
2.  **Mecánica de Impacto:** La variable `X5` pasa de tener un grado de 3.6011 en los mejores estudiantes a 2.6105 en los peores ($D = -0.9906$).
3.  **Variables Invariantes:** Las variables que mostraron menor variación o que permanecieron casi idénticas en ambas redes son aquellas al final del ranking, lideradas por **Ingreso (X4)**.

Este experimento demuestra empíricamente que la causa del bajo rendimiento académico no puede explicarse evaluando variables de manera aislada, sino a través de la **reorganización estructural de las variables socioeconómicas y de comportamiento académico**, lo cual queda plasmado en la direccionalidad de las dependencias probabilísticas en los Árboles Bayesianos generados.
