# Informe: Análisis de Comportamiento Académico por Bloques NCD/Gzip y Árboles Bayesianos

Este informe de investigación académica consolida los resultados del experimento automatizado llevado a cabo sobre el modelo de factores socioacadémicos utilizando la distancia de compresión normalizada (NCD), **particionamiento jerárquico por bloques de rendimiento (50%, 25%, 12.5%)** y **Árboles Bayesianos Probabilísticos (MST Dirigidos de Probabilidad Conjunta)**.

**Fecha de ejecución:** 20/07/2026 08:13  
**Total de estudiantes analizados:** 6607

---

## 1. Limpieza y Validación de Datos

El dataset original pasó por un proceso de limpieza para garantizar la calidad y lógica de los datos.

*   **Filas originales:** 6607
*   **Duplicados eliminados:** 0
*   **Filas nulas eliminadas:** 0
*   **Registros no numéricos eliminados:** 0
*   **Registros fuera de rango eliminados:** 0
*   **Filas finales retenidas:** 6607 (100.00%)

---

## 2. Definición de Bloques y Muestras por Nivel

Los estudiantes se ordenaron de manera descendente según su rendimiento académico (**X11 - Promedio Final**) y se generaron bloques continuos para 3 niveles de análisis:

*   **Nivel 50%:** 
    * `Best_50`: Top 50% (3303 estudiantes)
    * `Worst_50`: Bottom 50% (3304 estudiantes)
*   **Nivel 25% (4 Cuartiles):**
    * `Best_25_1` (0% - 25%), `Best_25_2` (25% - 50%), `Worst_25_1` (50% - 75%), `Worst_25_2` (75% - 100%)
*   **Nivel 12.5% (8 Octiles):**
    * `Best_12.5_1` a `Best_12.5_4` (Mejores) y `Worst_12.5_1` a `Worst_12.5_4` (Peores)

Todas las submuestras han sido almacenadas en sus carpetas correspondientes `results/nivel_<X>/tablas/`.

---

## 3. Matrices NCD (Normalized Compression Distance)

A continuación se presentan las matrices de distancia calculadas para cada bloque de rendimiento. Un valor cercano a `0` indica alta similitud/relación y un valor cercano a `1` indica independencia.

### Matriz NCD - Best_50 (Nivel 50%)

| Hours_Studied | Attendance | Parental_Involvement | Access_to_Resources | Extracurricular_Activities | Sleep_Hours | Previous_Scores | Motivation_Level | Internet_Access | Tutoring_Sessions | Family_Income | Teacher_Quality | School_Type | Peer_Influence | Physical_Activity | Learning_Disabilities | Parental_Education_Level | Distance_from_Home | Gender |
| --- | --- | --- | --- | --- | --- | --- | --- | --- | --- | --- | --- | --- | --- | --- | --- | --- | --- | --- |
| 0.0000 | 0.9933 | 1.0000 | 1.0000 | 1.0000 | 1.0000 | 1.0000 | 1.0000 | 1.0000 | 1.0000 | 1.0000 | 1.0000 | 1.0000 | 1.0000 | 1.0000 | 1.0000 | 1.0000 | 1.0000 | 1.0000 |
| 0.9933 | 0.0000 | 1.0000 | 1.0000 | 1.0000 | 1.0000 | 0.9476 | 1.0000 | 1.0000 | 1.0000 | 1.0000 | 1.0000 | 1.0000 | 1.0000 | 1.0000 | 1.0000 | 1.0000 | 1.0000 | 1.0000 |
| 1.0000 | 1.0000 | 0.0000 | 0.8702 | 0.9624 | 1.0000 | 1.0000 | 0.8697 | 0.9886 | 1.0000 | 0.8663 | 0.8767 | 1.0000 | 0.9834 | 1.0000 | 0.9796 | 0.9986 | 0.9788 | 0.9910 |
| 1.0000 | 1.0000 | 0.8702 | 0.0000 | 0.9619 | 1.0000 | 1.0000 | 0.8681 | 0.9900 | 1.0000 | 0.8679 | 0.8847 | 1.0000 | 0.9909 | 1.0000 | 0.9801 | 1.0000 | 0.9834 | 0.9917 |
| 1.0000 | 1.0000 | 0.9624 | 0.9619 | 0.0000 | 1.0000 | 1.0000 | 0.9604 | 0.9500 | 1.0000 | 0.9625 | 0.9651 | 1.0000 | 0.9887 | 1.0000 | 0.9237 | 1.0000 | 0.9769 | 0.9879 |
| 1.0000 | 1.0000 | 1.0000 | 1.0000 | 1.0000 | 0.0000 | 1.0000 | 1.0000 | 1.0000 | 1.0000 | 1.0000 | 1.0000 | 1.0000 | 1.0000 | 1.0000 | 1.0000 | 1.0000 | 1.0000 | 1.0000 |
| 1.0000 | 0.9476 | 1.0000 | 1.0000 | 1.0000 | 1.0000 | 0.0000 | 1.0000 | 1.0000 | 1.0000 | 1.0000 | 1.0000 | 1.0000 | 1.0000 | 1.0000 | 1.0000 | 1.0000 | 1.0000 | 1.0000 |
| 1.0000 | 1.0000 | 0.8697 | 0.8681 | 0.9604 | 1.0000 | 1.0000 | 0.0000 | 0.9887 | 1.0000 | 0.8640 | 0.8989 | 1.0000 | 0.9841 | 1.0000 | 0.9814 | 1.0000 | 0.9814 | 0.9911 |
| 1.0000 | 1.0000 | 0.9886 | 0.9900 | 0.9500 | 1.0000 | 1.0000 | 0.9887 | 0.0000 | 1.0000 | 0.9906 | 0.9812 | 0.9669 | 0.9841 | 1.0000 | 0.8582 | 0.9801 | 0.9779 | 0.9770 |
| 1.0000 | 1.0000 | 1.0000 | 1.0000 | 1.0000 | 1.0000 | 1.0000 | 1.0000 | 1.0000 | 0.0000 | 1.0000 | 1.0000 | 1.0000 | 1.0000 | 0.9600 | 1.0000 | 1.0000 | 1.0000 | 1.0000 |
| 1.0000 | 1.0000 | 0.8663 | 0.8679 | 0.9625 | 1.0000 | 1.0000 | 0.8640 | 0.9906 | 1.0000 | 0.0000 | 0.9101 | 1.0000 | 1.0000 | 1.0000 | 0.9844 | 1.0000 | 0.9937 | 1.0000 |
| 1.0000 | 1.0000 | 0.8767 | 0.8847 | 0.9651 | 1.0000 | 1.0000 | 0.8989 | 0.9812 | 1.0000 | 0.9101 | 0.0000 | 0.9884 | 0.9728 | 1.0000 | 0.9704 | 0.9830 | 0.9668 | 0.9803 |
| 1.0000 | 1.0000 | 1.0000 | 1.0000 | 1.0000 | 1.0000 | 1.0000 | 1.0000 | 0.9669 | 1.0000 | 1.0000 | 0.9884 | 0.0000 | 0.9751 | 1.0000 | 0.9644 | 0.9666 | 0.9875 | 0.9721 |
| 1.0000 | 1.0000 | 0.9834 | 0.9909 | 0.9887 | 1.0000 | 1.0000 | 0.9841 | 0.9841 | 1.0000 | 1.0000 | 0.9728 | 0.9751 | 0.0000 | 1.0000 | 0.9819 | 0.9688 | 0.9758 | 0.9728 |
| 1.0000 | 1.0000 | 1.0000 | 1.0000 | 1.0000 | 1.0000 | 1.0000 | 1.0000 | 1.0000 | 0.9600 | 1.0000 | 1.0000 | 1.0000 | 1.0000 | 0.0000 | 1.0000 | 1.0000 | 1.0000 | 1.0000 |
| 1.0000 | 1.0000 | 0.9796 | 0.9801 | 0.9237 | 1.0000 | 1.0000 | 0.9814 | 0.8582 | 1.0000 | 0.9844 | 0.9704 | 0.9644 | 0.9819 | 1.0000 | 0.0000 | 0.9751 | 0.9683 | 0.9697 |
| 1.0000 | 1.0000 | 0.9986 | 1.0000 | 1.0000 | 1.0000 | 1.0000 | 1.0000 | 0.9801 | 1.0000 | 1.0000 | 0.9830 | 0.9666 | 0.9688 | 1.0000 | 0.9751 | 0.0000 | 0.9879 | 0.9808 |
| 1.0000 | 1.0000 | 0.9788 | 0.9834 | 0.9769 | 1.0000 | 1.0000 | 0.9814 | 0.9779 | 1.0000 | 0.9937 | 0.9668 | 0.9875 | 0.9758 | 1.0000 | 0.9683 | 0.9879 | 0.0000 | 0.9750 |
| 1.0000 | 1.0000 | 0.9910 | 0.9917 | 0.9879 | 1.0000 | 1.0000 | 0.9911 | 0.9770 | 1.0000 | 1.0000 | 0.9803 | 0.9721 | 0.9728 | 1.0000 | 0.9697 | 0.9808 | 0.9750 | 0.0000 |

### Matriz NCD - Worst_50 (Nivel 50%)

| Hours_Studied | Attendance | Parental_Involvement | Access_to_Resources | Extracurricular_Activities | Sleep_Hours | Previous_Scores | Motivation_Level | Internet_Access | Tutoring_Sessions | Family_Income | Teacher_Quality | School_Type | Peer_Influence | Physical_Activity | Learning_Disabilities | Parental_Education_Level | Distance_from_Home | Gender |
| --- | --- | --- | --- | --- | --- | --- | --- | --- | --- | --- | --- | --- | --- | --- | --- | --- | --- | --- |
| 0.0000 | 0.9909 | 1.0000 | 1.0000 | 1.0000 | 1.0000 | 1.0000 | 1.0000 | 1.0000 | 1.0000 | 1.0000 | 1.0000 | 1.0000 | 1.0000 | 1.0000 | 1.0000 | 1.0000 | 1.0000 | 1.0000 |
| 0.9909 | 0.0000 | 1.0000 | 1.0000 | 1.0000 | 1.0000 | 0.9609 | 1.0000 | 1.0000 | 1.0000 | 1.0000 | 1.0000 | 1.0000 | 1.0000 | 1.0000 | 1.0000 | 1.0000 | 1.0000 | 1.0000 |
| 1.0000 | 1.0000 | 0.0000 | 0.8529 | 0.9670 | 1.0000 | 1.0000 | 0.8479 | 0.9839 | 1.0000 | 0.8424 | 0.8920 | 1.0000 | 0.9882 | 1.0000 | 0.9734 | 1.0000 | 0.9718 | 0.9903 |
| 1.0000 | 1.0000 | 0.8529 | 0.0000 | 0.9682 | 1.0000 | 1.0000 | 0.8482 | 0.9849 | 1.0000 | 0.8537 | 0.8935 | 1.0000 | 0.9867 | 1.0000 | 0.9738 | 1.0000 | 0.9722 | 0.9905 |
| 1.0000 | 1.0000 | 0.9670 | 0.9682 | 0.0000 | 1.0000 | 1.0000 | 0.9626 | 0.9437 | 1.0000 | 0.9630 | 0.9722 | 1.0000 | 1.0000 | 1.0000 | 0.9156 | 1.0000 | 0.9736 | 1.0000 |
| 1.0000 | 1.0000 | 1.0000 | 1.0000 | 1.0000 | 0.0000 | 1.0000 | 1.0000 | 1.0000 | 1.0000 | 1.0000 | 1.0000 | 1.0000 | 1.0000 | 1.0000 | 1.0000 | 1.0000 | 1.0000 | 1.0000 |
| 1.0000 | 0.9609 | 1.0000 | 1.0000 | 1.0000 | 1.0000 | 0.0000 | 1.0000 | 1.0000 | 1.0000 | 1.0000 | 1.0000 | 1.0000 | 1.0000 | 1.0000 | 1.0000 | 1.0000 | 1.0000 | 1.0000 |
| 1.0000 | 1.0000 | 0.8479 | 0.8482 | 0.9626 | 1.0000 | 1.0000 | 0.0000 | 0.9865 | 1.0000 | 0.8551 | 0.8965 | 1.0000 | 0.9904 | 1.0000 | 0.9753 | 1.0000 | 0.9721 | 0.9936 |
| 1.0000 | 1.0000 | 0.9839 | 0.9849 | 0.9437 | 1.0000 | 1.0000 | 0.9865 | 0.0000 | 1.0000 | 0.9887 | 0.9731 | 0.9612 | 0.9838 | 1.0000 | 0.9004 | 0.9739 | 0.9754 | 0.9690 |
| 1.0000 | 1.0000 | 1.0000 | 1.0000 | 1.0000 | 1.0000 | 1.0000 | 1.0000 | 1.0000 | 0.0000 | 1.0000 | 1.0000 | 1.0000 | 1.0000 | 0.9665 | 1.0000 | 1.0000 | 1.0000 | 1.0000 |
| 1.0000 | 1.0000 | 0.8424 | 0.8537 | 0.9630 | 1.0000 | 1.0000 | 0.8551 | 0.9887 | 1.0000 | 0.0000 | 0.9148 | 1.0000 | 0.9985 | 1.0000 | 0.9767 | 1.0000 | 0.9807 | 1.0000 |
| 1.0000 | 1.0000 | 0.8920 | 0.8935 | 0.9722 | 1.0000 | 1.0000 | 0.8965 | 0.9731 | 1.0000 | 0.9148 | 0.0000 | 0.9946 | 0.9779 | 1.0000 | 0.9614 | 0.9895 | 0.9648 | 0.9749 |
| 1.0000 | 1.0000 | 1.0000 | 1.0000 | 1.0000 | 1.0000 | 1.0000 | 1.0000 | 0.9612 | 1.0000 | 1.0000 | 0.9946 | 0.0000 | 0.9838 | 1.0000 | 0.9674 | 0.9597 | 0.9930 | 0.9690 |
| 1.0000 | 1.0000 | 0.9882 | 0.9867 | 1.0000 | 1.0000 | 1.0000 | 0.9904 | 0.9838 | 1.0000 | 0.9985 | 0.9779 | 0.9838 | 0.0000 | 1.0000 | 0.9764 | 0.9735 | 0.9735 | 0.9705 |
| 1.0000 | 1.0000 | 1.0000 | 1.0000 | 1.0000 | 1.0000 | 1.0000 | 1.0000 | 1.0000 | 0.9665 | 1.0000 | 1.0000 | 1.0000 | 1.0000 | 0.0000 | 1.0000 | 1.0000 | 1.0000 | 1.0000 |
| 1.0000 | 1.0000 | 0.9734 | 0.9738 | 0.9156 | 1.0000 | 1.0000 | 0.9753 | 0.9004 | 1.0000 | 0.9767 | 0.9614 | 0.9674 | 0.9764 | 1.0000 | 0.0000 | 0.9776 | 0.9657 | 0.9631 |
| 1.0000 | 1.0000 | 1.0000 | 1.0000 | 1.0000 | 1.0000 | 1.0000 | 1.0000 | 0.9739 | 1.0000 | 1.0000 | 0.9895 | 0.9597 | 0.9735 | 1.0000 | 0.9776 | 0.0000 | 0.9910 | 0.9768 |
| 1.0000 | 1.0000 | 0.9718 | 0.9722 | 0.9736 | 1.0000 | 1.0000 | 0.9721 | 0.9754 | 1.0000 | 0.9807 | 0.9648 | 0.9930 | 0.9735 | 1.0000 | 0.9657 | 0.9910 | 0.0000 | 0.9754 |
| 1.0000 | 1.0000 | 0.9903 | 0.9905 | 1.0000 | 1.0000 | 1.0000 | 0.9936 | 0.9690 | 1.0000 | 1.0000 | 0.9749 | 0.9690 | 0.9705 | 1.0000 | 0.9631 | 0.9768 | 0.9754 | 0.0000 |

### Matriz NCD - Best_25_1 (Nivel 25%)

| Hours_Studied | Attendance | Parental_Involvement | Access_to_Resources | Extracurricular_Activities | Sleep_Hours | Previous_Scores | Motivation_Level | Internet_Access | Tutoring_Sessions | Family_Income | Teacher_Quality | School_Type | Peer_Influence | Physical_Activity | Learning_Disabilities | Parental_Education_Level | Distance_from_Home | Gender |
| --- | --- | --- | --- | --- | --- | --- | --- | --- | --- | --- | --- | --- | --- | --- | --- | --- | --- | --- |
| 0.0000 | 0.9785 | 1.0000 | 1.0000 | 1.0000 | 0.9932 | 0.9978 | 1.0000 | 1.0000 | 0.9891 | 1.0000 | 1.0000 | 1.0000 | 1.0000 | 0.9959 | 1.0000 | 1.0000 | 1.0000 | 1.0000 |
| 0.9785 | 0.0000 | 1.0000 | 1.0000 | 1.0000 | 0.9905 | 0.9379 | 1.0000 | 1.0000 | 1.0000 | 1.0000 | 1.0000 | 1.0000 | 1.0000 | 1.0000 | 1.0000 | 1.0000 | 1.0000 | 1.0000 |
| 1.0000 | 1.0000 | 0.0000 | 0.8003 | 0.9300 | 1.0000 | 1.0000 | 0.8199 | 0.9598 | 1.0000 | 0.8225 | 0.8316 | 0.9687 | 0.9508 | 1.0000 | 0.9493 | 0.9598 | 0.9404 | 0.9523 |
| 1.0000 | 1.0000 | 0.8003 | 0.0000 | 0.9286 | 1.0000 | 1.0000 | 0.8228 | 0.9590 | 1.0000 | 0.8197 | 0.8267 | 0.9711 | 0.9522 | 1.0000 | 0.9498 | 0.9624 | 0.9422 | 0.9529 |
| 1.0000 | 1.0000 | 0.9300 | 0.9286 | 0.0000 | 1.0000 | 1.0000 | 0.9268 | 0.9054 | 1.0000 | 0.9338 | 0.9289 | 0.9591 | 0.9522 | 1.0000 | 0.8747 | 0.9674 | 0.9284 | 0.9346 |
| 0.9932 | 0.9905 | 1.0000 | 1.0000 | 1.0000 | 0.0000 | 1.0000 | 1.0000 | 1.0000 | 0.9886 | 1.0000 | 1.0000 | 1.0000 | 1.0000 | 0.9943 | 1.0000 | 1.0000 | 1.0000 | 1.0000 |
| 0.9978 | 0.9379 | 1.0000 | 1.0000 | 1.0000 | 1.0000 | 0.0000 | 1.0000 | 1.0000 | 1.0000 | 1.0000 | 1.0000 | 1.0000 | 1.0000 | 1.0000 | 1.0000 | 1.0000 | 1.0000 | 1.0000 |
| 1.0000 | 1.0000 | 0.8199 | 0.8228 | 0.9268 | 1.0000 | 1.0000 | 0.0000 | 0.9590 | 1.0000 | 0.8070 | 0.8477 | 0.9766 | 0.9522 | 1.0000 | 0.9517 | 0.9699 | 0.9473 | 0.9619 |
| 1.0000 | 1.0000 | 0.9598 | 0.9590 | 0.9054 | 1.0000 | 1.0000 | 0.9590 | 0.0000 | 1.0000 | 0.9662 | 0.9467 | 0.9204 | 0.9536 | 1.0000 | 0.7885 | 0.9573 | 0.9338 | 0.9259 |
| 0.9891 | 1.0000 | 1.0000 | 1.0000 | 1.0000 | 0.9886 | 1.0000 | 1.0000 | 1.0000 | 0.0000 | 1.0000 | 1.0000 | 1.0000 | 1.0000 | 0.9308 | 1.0000 | 1.0000 | 1.0000 | 1.0000 |
| 1.0000 | 1.0000 | 0.8225 | 0.8197 | 0.9338 | 1.0000 | 1.0000 | 0.8070 | 0.9662 | 1.0000 | 0.0000 | 0.8620 | 0.9859 | 0.9686 | 1.0000 | 0.9648 | 0.9812 | 0.9592 | 0.9761 |
| 1.0000 | 1.0000 | 0.8316 | 0.8267 | 0.9289 | 1.0000 | 1.0000 | 0.8477 | 0.9467 | 1.0000 | 0.8620 | 0.0000 | 0.9499 | 0.9372 | 1.0000 | 0.9402 | 0.9473 | 0.9305 | 0.9402 |
| 1.0000 | 1.0000 | 0.9687 | 0.9711 | 0.9591 | 1.0000 | 1.0000 | 0.9766 | 0.9204 | 1.0000 | 0.9859 | 0.9499 | 0.0000 | 0.9399 | 1.0000 | 0.9140 | 0.9348 | 0.9356 | 0.9226 |
| 1.0000 | 1.0000 | 0.9508 | 0.9522 | 0.9522 | 1.0000 | 1.0000 | 0.9522 | 0.9536 | 1.0000 | 0.9686 | 0.9372 | 0.9399 | 0.0000 | 1.0000 | 0.9481 | 0.9360 | 0.9372 | 0.9467 |
| 0.9959 | 1.0000 | 1.0000 | 1.0000 | 1.0000 | 0.9943 | 1.0000 | 1.0000 | 1.0000 | 0.9308 | 1.0000 | 1.0000 | 1.0000 | 1.0000 | 0.0000 | 1.0000 | 1.0000 | 1.0000 | 1.0000 |
| 1.0000 | 1.0000 | 0.9493 | 0.9498 | 0.8747 | 1.0000 | 1.0000 | 0.9517 | 0.7885 | 1.0000 | 0.9648 | 0.9402 | 0.9140 | 0.9481 | 1.0000 | 0.0000 | 0.9523 | 0.9302 | 0.9281 |
| 1.0000 | 1.0000 | 0.9598 | 0.9624 | 0.9674 | 1.0000 | 1.0000 | 0.9699 | 0.9573 | 1.0000 | 0.9812 | 0.9473 | 0.9348 | 0.9360 | 1.0000 | 0.9523 | 0.0000 | 0.9486 | 0.9523 |
| 1.0000 | 1.0000 | 0.9404 | 0.9422 | 0.9284 | 1.0000 | 1.0000 | 0.9473 | 0.9338 | 1.0000 | 0.9592 | 0.9305 | 0.9356 | 0.9372 | 1.0000 | 0.9302 | 0.9486 | 0.0000 | 0.9302 |
| 1.0000 | 1.0000 | 0.9523 | 0.9529 | 0.9346 | 1.0000 | 1.0000 | 0.9619 | 0.9259 | 1.0000 | 0.9761 | 0.9402 | 0.9226 | 0.9467 | 1.0000 | 0.9281 | 0.9523 | 0.9302 | 0.0000 |

### Matriz NCD - Best_25_2 (Nivel 25%)

| Hours_Studied | Attendance | Parental_Involvement | Access_to_Resources | Extracurricular_Activities | Sleep_Hours | Previous_Scores | Motivation_Level | Internet_Access | Tutoring_Sessions | Family_Income | Teacher_Quality | School_Type | Peer_Influence | Physical_Activity | Learning_Disabilities | Parental_Education_Level | Distance_from_Home | Gender |
| --- | --- | --- | --- | --- | --- | --- | --- | --- | --- | --- | --- | --- | --- | --- | --- | --- | --- | --- |
| 0.0000 | 0.9853 | 1.0000 | 1.0000 | 1.0000 | 0.9919 | 1.0000 | 1.0000 | 1.0000 | 0.9959 | 1.0000 | 1.0000 | 1.0000 | 1.0000 | 1.0000 | 1.0000 | 1.0000 | 1.0000 | 1.0000 |
| 0.9853 | 0.0000 | 1.0000 | 1.0000 | 1.0000 | 0.9971 | 0.9259 | 1.0000 | 1.0000 | 1.0000 | 1.0000 | 1.0000 | 1.0000 | 1.0000 | 1.0000 | 1.0000 | 1.0000 | 1.0000 | 1.0000 |
| 1.0000 | 1.0000 | 0.0000 | 0.7965 | 0.9331 | 1.0000 | 1.0000 | 0.8328 | 0.9578 | 1.0000 | 0.8445 | 0.8256 | 0.9695 | 0.9559 | 1.0000 | 0.9491 | 0.9694 | 0.9404 | 0.9608 |
| 1.0000 | 1.0000 | 0.7965 | 0.0000 | 0.9317 | 1.0000 | 1.0000 | 0.8285 | 0.9578 | 1.0000 | 0.8445 | 0.8212 | 0.9680 | 0.9519 | 1.0000 | 0.9549 | 0.9681 | 0.9419 | 0.9608 |
| 1.0000 | 1.0000 | 0.9331 | 0.9317 | 0.0000 | 1.0000 | 1.0000 | 0.9332 | 0.8986 | 1.0000 | 0.9326 | 0.9342 | 0.9537 | 0.9612 | 1.0000 | 0.8821 | 0.9758 | 0.9365 | 0.9499 |
| 0.9919 | 0.9971 | 1.0000 | 1.0000 | 1.0000 | 0.0000 | 1.0000 | 1.0000 | 1.0000 | 1.0000 | 1.0000 | 1.0000 | 1.0000 | 1.0000 | 0.9955 | 1.0000 | 1.0000 | 1.0000 | 1.0000 |
| 1.0000 | 0.9259 | 1.0000 | 1.0000 | 1.0000 | 1.0000 | 0.0000 | 1.0000 | 1.0000 | 1.0000 | 1.0000 | 1.0000 | 1.0000 | 1.0000 | 1.0000 | 1.0000 | 1.0000 | 1.0000 | 1.0000 |
| 1.0000 | 1.0000 | 0.8328 | 0.8285 | 0.9332 | 1.0000 | 1.0000 | 0.0000 | 0.9570 | 1.0000 | 0.8343 | 0.8279 | 0.9674 | 0.9519 | 1.0000 | 0.9496 | 0.9643 | 0.9407 | 0.9570 |
| 1.0000 | 1.0000 | 0.9578 | 0.9578 | 0.8986 | 1.0000 | 1.0000 | 0.9570 | 0.0000 | 1.0000 | 0.9677 | 0.9502 | 0.9229 | 0.9599 | 1.0000 | 0.7901 | 0.9617 | 0.9498 | 0.9368 |
| 0.9959 | 1.0000 | 1.0000 | 1.0000 | 1.0000 | 1.0000 | 1.0000 | 1.0000 | 1.0000 | 0.0000 | 1.0000 | 1.0000 | 1.0000 | 1.0000 | 0.9344 | 1.0000 | 1.0000 | 1.0000 | 1.0000 |
| 1.0000 | 1.0000 | 0.8445 | 0.8445 | 0.9326 | 1.0000 | 1.0000 | 0.8343 | 0.9677 | 1.0000 | 0.0000 | 0.8490 | 0.9824 | 0.9693 | 1.0000 | 0.9575 | 0.9821 | 0.9545 | 0.9751 |
| 1.0000 | 1.0000 | 0.8256 | 0.8212 | 0.9342 | 1.0000 | 1.0000 | 0.8279 | 0.9502 | 1.0000 | 0.8490 | 0.0000 | 0.9502 | 0.9452 | 1.0000 | 0.9358 | 0.9541 | 0.9342 | 0.9438 |
| 1.0000 | 1.0000 | 0.9695 | 0.9680 | 0.9537 | 1.0000 | 1.0000 | 0.9674 | 0.9229 | 1.0000 | 0.9824 | 0.9502 | 0.0000 | 0.9505 | 1.0000 | 0.9185 | 0.9349 | 0.9515 | 0.9281 |
| 1.0000 | 1.0000 | 0.9559 | 0.9519 | 0.9612 | 1.0000 | 1.0000 | 0.9519 | 0.9599 | 1.0000 | 0.9693 | 0.9452 | 0.9505 | 0.0000 | 1.0000 | 0.9519 | 0.9439 | 0.9438 | 0.9572 |
| 1.0000 | 1.0000 | 1.0000 | 1.0000 | 1.0000 | 0.9955 | 1.0000 | 1.0000 | 1.0000 | 0.9344 | 1.0000 | 1.0000 | 1.0000 | 1.0000 | 0.0000 | 1.0000 | 1.0000 | 1.0000 | 1.0000 |
| 1.0000 | 1.0000 | 0.9491 | 0.9549 | 0.8821 | 1.0000 | 1.0000 | 0.9496 | 0.7901 | 1.0000 | 0.9575 | 0.9358 | 0.9185 | 0.9519 | 1.0000 | 0.0000 | 0.9566 | 0.9348 | 0.9259 |
| 1.0000 | 1.0000 | 0.9694 | 0.9681 | 0.9758 | 1.0000 | 1.0000 | 0.9643 | 0.9617 | 1.0000 | 0.9821 | 0.9541 | 0.9349 | 0.9439 | 1.0000 | 0.9566 | 0.0000 | 0.9592 | 0.9592 |
| 1.0000 | 1.0000 | 0.9404 | 0.9419 | 0.9365 | 1.0000 | 1.0000 | 0.9407 | 0.9498 | 1.0000 | 0.9545 | 0.9342 | 0.9515 | 0.9438 | 1.0000 | 0.9348 | 0.9592 | 0.0000 | 0.9415 |
| 1.0000 | 1.0000 | 0.9608 | 0.9608 | 0.9499 | 1.0000 | 1.0000 | 0.9570 | 0.9368 | 1.0000 | 0.9751 | 0.9438 | 0.9281 | 0.9572 | 1.0000 | 0.9259 | 0.9592 | 0.9415 | 0.0000 |

### Matriz NCD - Worst_25_1 (Nivel 25%)

| Hours_Studied | Attendance | Parental_Involvement | Access_to_Resources | Extracurricular_Activities | Sleep_Hours | Previous_Scores | Motivation_Level | Internet_Access | Tutoring_Sessions | Family_Income | Teacher_Quality | School_Type | Peer_Influence | Physical_Activity | Learning_Disabilities | Parental_Education_Level | Distance_from_Home | Gender |
| --- | --- | --- | --- | --- | --- | --- | --- | --- | --- | --- | --- | --- | --- | --- | --- | --- | --- | --- |
| 0.0000 | 0.9842 | 1.0000 | 1.0000 | 1.0000 | 0.9933 | 0.9984 | 1.0000 | 1.0000 | 1.0000 | 1.0000 | 1.0000 | 1.0000 | 1.0000 | 1.0000 | 1.0000 | 1.0000 | 1.0000 | 1.0000 |
| 0.9842 | 0.0000 | 1.0000 | 1.0000 | 1.0000 | 0.9988 | 0.9292 | 1.0000 | 1.0000 | 1.0000 | 1.0000 | 1.0000 | 1.0000 | 1.0000 | 1.0000 | 1.0000 | 1.0000 | 1.0000 | 1.0000 |
| 1.0000 | 1.0000 | 0.0000 | 0.8017 | 0.9269 | 1.0000 | 1.0000 | 0.7896 | 0.9532 | 1.0000 | 0.8210 | 0.8348 | 0.9722 | 0.9483 | 1.0000 | 0.9459 | 0.9677 | 0.9386 | 0.9576 |
| 1.0000 | 1.0000 | 0.8017 | 0.0000 | 0.9305 | 1.0000 | 1.0000 | 0.8127 | 0.9566 | 1.0000 | 0.8119 | 0.8480 | 0.9740 | 0.9603 | 1.0000 | 0.9522 | 0.9702 | 0.9407 | 0.9609 |
| 1.0000 | 1.0000 | 0.9269 | 0.9305 | 0.0000 | 1.0000 | 1.0000 | 0.9323 | 0.8866 | 1.0000 | 0.9316 | 0.9401 | 0.9669 | 0.9642 | 1.0000 | 0.8843 | 0.9819 | 0.9378 | 0.9597 |
| 0.9933 | 0.9988 | 1.0000 | 1.0000 | 1.0000 | 0.0000 | 1.0000 | 1.0000 | 1.0000 | 1.0000 | 1.0000 | 1.0000 | 1.0000 | 1.0000 | 0.9943 | 1.0000 | 1.0000 | 1.0000 | 1.0000 |
| 0.9984 | 0.9292 | 1.0000 | 1.0000 | 1.0000 | 1.0000 | 0.0000 | 1.0000 | 1.0000 | 1.0000 | 1.0000 | 1.0000 | 1.0000 | 1.0000 | 1.0000 | 1.0000 | 1.0000 | 1.0000 | 1.0000 |
| 1.0000 | 1.0000 | 0.7896 | 0.8127 | 0.9323 | 1.0000 | 1.0000 | 0.0000 | 0.9611 | 1.0000 | 0.8213 | 0.8530 | 0.9755 | 0.9563 | 1.0000 | 0.9553 | 0.9728 | 0.9395 | 0.9611 |
| 1.0000 | 1.0000 | 0.9532 | 0.9566 | 0.8866 | 1.0000 | 1.0000 | 0.9611 | 0.0000 | 1.0000 | 0.9607 | 0.9401 | 0.9183 | 0.9603 | 1.0000 | 0.8296 | 0.9560 | 0.9394 | 0.9321 |
| 1.0000 | 1.0000 | 1.0000 | 1.0000 | 1.0000 | 1.0000 | 1.0000 | 1.0000 | 1.0000 | 0.0000 | 1.0000 | 1.0000 | 1.0000 | 1.0000 | 0.9296 | 1.0000 | 1.0000 | 1.0000 | 1.0000 |
| 1.0000 | 1.0000 | 0.8210 | 0.8119 | 0.9316 | 1.0000 | 1.0000 | 0.8213 | 0.9607 | 1.0000 | 0.0000 | 0.8763 | 0.9884 | 0.9709 | 1.0000 | 0.9549 | 0.9871 | 0.9520 | 0.9767 |
| 1.0000 | 1.0000 | 0.8348 | 0.8480 | 0.9401 | 1.0000 | 1.0000 | 0.8530 | 0.9401 | 1.0000 | 0.8763 | 0.0000 | 0.9563 | 0.9444 | 1.0000 | 0.9353 | 0.9547 | 0.9304 | 0.9401 |
| 1.0000 | 1.0000 | 0.9722 | 0.9740 | 0.9669 | 1.0000 | 1.0000 | 0.9755 | 0.9183 | 1.0000 | 0.9884 | 0.9563 | 0.0000 | 0.9470 | 1.0000 | 0.9227 | 0.9327 | 0.9542 | 0.9278 |
| 1.0000 | 1.0000 | 0.9483 | 0.9603 | 0.9642 | 1.0000 | 1.0000 | 0.9563 | 0.9603 | 1.0000 | 0.9709 | 0.9444 | 0.9470 | 0.0000 | 1.0000 | 0.9510 | 0.9431 | 0.9417 | 0.9457 |
| 1.0000 | 1.0000 | 1.0000 | 1.0000 | 1.0000 | 0.9943 | 1.0000 | 1.0000 | 1.0000 | 0.9296 | 1.0000 | 1.0000 | 1.0000 | 1.0000 | 0.0000 | 1.0000 | 1.0000 | 1.0000 | 1.0000 |
| 1.0000 | 1.0000 | 0.9459 | 0.9522 | 0.8843 | 1.0000 | 1.0000 | 0.9553 | 0.8296 | 1.0000 | 0.9549 | 0.9353 | 0.9227 | 0.9510 | 1.0000 | 0.0000 | 0.9534 | 0.9362 | 0.9299 |
| 1.0000 | 1.0000 | 0.9677 | 0.9702 | 0.9819 | 1.0000 | 1.0000 | 0.9728 | 0.9560 | 1.0000 | 0.9871 | 0.9547 | 0.9327 | 0.9431 | 1.0000 | 0.9534 | 0.0000 | 0.9573 | 0.9521 |
| 1.0000 | 1.0000 | 0.9386 | 0.9407 | 0.9378 | 1.0000 | 1.0000 | 0.9395 | 0.9394 | 1.0000 | 0.9520 | 0.9304 | 0.9542 | 0.9417 | 1.0000 | 0.9362 | 0.9573 | 0.0000 | 0.9345 |
| 1.0000 | 1.0000 | 0.9576 | 0.9609 | 0.9597 | 1.0000 | 1.0000 | 0.9611 | 0.9321 | 1.0000 | 0.9767 | 0.9401 | 0.9278 | 0.9457 | 1.0000 | 0.9299 | 0.9521 | 0.9345 | 0.0000 |

### Matriz NCD - Worst_25_2 (Nivel 25%)

| Hours_Studied | Attendance | Parental_Involvement | Access_to_Resources | Extracurricular_Activities | Sleep_Hours | Previous_Scores | Motivation_Level | Internet_Access | Tutoring_Sessions | Family_Income | Teacher_Quality | School_Type | Peer_Influence | Physical_Activity | Learning_Disabilities | Parental_Education_Level | Distance_from_Home | Gender |
| --- | --- | --- | --- | --- | --- | --- | --- | --- | --- | --- | --- | --- | --- | --- | --- | --- | --- | --- |
| 0.0000 | 0.9753 | 1.0000 | 1.0000 | 1.0000 | 0.9839 | 0.9940 | 1.0000 | 1.0000 | 0.9986 | 1.0000 | 1.0000 | 1.0000 | 1.0000 | 0.9937 | 1.0000 | 1.0000 | 1.0000 | 1.0000 |
| 0.9753 | 0.0000 | 1.0000 | 1.0000 | 1.0000 | 0.9905 | 0.9452 | 1.0000 | 1.0000 | 1.0000 | 1.0000 | 1.0000 | 1.0000 | 1.0000 | 1.0000 | 1.0000 | 1.0000 | 1.0000 | 1.0000 |
| 1.0000 | 1.0000 | 0.0000 | 0.7965 | 0.9329 | 1.0000 | 1.0000 | 0.8105 | 0.9621 | 1.0000 | 0.8192 | 0.8178 | 0.9767 | 0.9566 | 1.0000 | 0.9388 | 0.9704 | 0.9402 | 0.9592 |
| 1.0000 | 1.0000 | 0.7965 | 0.0000 | 0.9351 | 1.0000 | 1.0000 | 0.8052 | 0.9567 | 1.0000 | 0.8182 | 0.8240 | 0.9755 | 0.9526 | 1.0000 | 0.9380 | 0.9690 | 0.9394 | 0.9610 |
| 1.0000 | 1.0000 | 0.9329 | 0.9351 | 0.0000 | 1.0000 | 1.0000 | 0.9300 | 0.9085 | 1.0000 | 0.9348 | 0.9403 | 0.9735 | 0.9671 | 1.0000 | 0.8683 | 0.9838 | 0.9424 | 0.9613 |
| 0.9839 | 0.9905 | 1.0000 | 1.0000 | 1.0000 | 0.0000 | 1.0000 | 1.0000 | 1.0000 | 1.0000 | 1.0000 | 1.0000 | 1.0000 | 1.0000 | 0.9989 | 1.0000 | 1.0000 | 1.0000 | 1.0000 |
| 0.9940 | 0.9452 | 1.0000 | 1.0000 | 1.0000 | 1.0000 | 0.0000 | 1.0000 | 1.0000 | 1.0000 | 1.0000 | 1.0000 | 1.0000 | 1.0000 | 1.0000 | 1.0000 | 1.0000 | 1.0000 | 1.0000 |
| 1.0000 | 1.0000 | 0.8105 | 0.8052 | 0.9300 | 1.0000 | 1.0000 | 0.0000 | 0.9548 | 1.0000 | 0.8134 | 0.8382 | 0.9781 | 0.9566 | 1.0000 | 0.9417 | 0.9717 | 0.9417 | 0.9665 |
| 1.0000 | 1.0000 | 0.9621 | 0.9567 | 0.9085 | 1.0000 | 1.0000 | 0.9548 | 0.0000 | 1.0000 | 0.9585 | 0.9451 | 0.9139 | 0.9592 | 1.0000 | 0.8339 | 0.9421 | 0.9502 | 0.9398 |
| 0.9986 | 1.0000 | 1.0000 | 1.0000 | 1.0000 | 1.0000 | 1.0000 | 1.0000 | 1.0000 | 0.0000 | 1.0000 | 1.0000 | 1.0000 | 1.0000 | 0.9301 | 1.0000 | 1.0000 | 1.0000 | 1.0000 |
| 1.0000 | 1.0000 | 0.8192 | 0.8182 | 0.9348 | 1.0000 | 1.0000 | 0.8134 | 0.9585 | 1.0000 | 0.0000 | 0.8474 | 0.9807 | 0.9618 | 1.0000 | 0.9407 | 0.9758 | 0.9452 | 0.9719 |
| 1.0000 | 1.0000 | 0.8178 | 0.8240 | 0.9403 | 1.0000 | 1.0000 | 0.8382 | 0.9451 | 1.0000 | 0.8474 | 0.0000 | 0.9513 | 0.9408 | 1.0000 | 0.9278 | 0.9475 | 0.9361 | 0.9372 |
| 1.0000 | 1.0000 | 0.9767 | 0.9755 | 0.9735 | 1.0000 | 1.0000 | 0.9781 | 0.9139 | 1.0000 | 0.9807 | 0.9513 | 0.0000 | 0.9513 | 1.0000 | 0.9183 | 0.9327 | 0.9642 | 0.9247 |
| 1.0000 | 1.0000 | 0.9566 | 0.9526 | 0.9671 | 1.0000 | 1.0000 | 0.9566 | 0.9592 | 1.0000 | 0.9618 | 0.9408 | 0.9513 | 0.0000 | 1.0000 | 0.9434 | 0.9382 | 0.9434 | 0.9474 |
| 0.9937 | 1.0000 | 1.0000 | 1.0000 | 1.0000 | 0.9989 | 1.0000 | 1.0000 | 1.0000 | 0.9301 | 1.0000 | 1.0000 | 1.0000 | 1.0000 | 0.0000 | 1.0000 | 1.0000 | 1.0000 | 1.0000 |
| 1.0000 | 1.0000 | 0.9388 | 0.9380 | 0.8683 | 1.0000 | 1.0000 | 0.9417 | 0.8339 | 1.0000 | 0.9407 | 0.9278 | 0.9183 | 0.9434 | 1.0000 | 0.0000 | 0.9489 | 0.9361 | 0.9183 |
| 1.0000 | 1.0000 | 0.9704 | 0.9690 | 0.9838 | 1.0000 | 1.0000 | 0.9717 | 0.9421 | 1.0000 | 0.9758 | 0.9475 | 0.9327 | 0.9382 | 1.0000 | 0.9489 | 0.0000 | 0.9704 | 0.9556 |
| 1.0000 | 1.0000 | 0.9402 | 0.9394 | 0.9424 | 1.0000 | 1.0000 | 0.9417 | 0.9502 | 1.0000 | 0.9452 | 0.9361 | 0.9642 | 0.9434 | 1.0000 | 0.9361 | 0.9704 | 0.0000 | 0.9470 |
| 1.0000 | 1.0000 | 0.9592 | 0.9610 | 0.9613 | 1.0000 | 1.0000 | 0.9665 | 0.9398 | 1.0000 | 0.9719 | 0.9372 | 0.9247 | 0.9474 | 1.0000 | 0.9183 | 0.9556 | 0.9470 | 0.0000 |

### Matriz NCD - Best_12.5_1 (Nivel 12.5%)

| Hours_Studied | Attendance | Parental_Involvement | Access_to_Resources | Extracurricular_Activities | Sleep_Hours | Previous_Scores | Motivation_Level | Internet_Access | Tutoring_Sessions | Family_Income | Teacher_Quality | School_Type | Peer_Influence | Physical_Activity | Learning_Disabilities | Parental_Education_Level | Distance_from_Home | Gender |
| --- | --- | --- | --- | --- | --- | --- | --- | --- | --- | --- | --- | --- | --- | --- | --- | --- | --- | --- |
| 0.0000 | 0.9566 | 1.0000 | 1.0000 | 1.0000 | 0.9706 | 0.9791 | 1.0000 | 1.0000 | 0.9706 | 1.0000 | 1.0000 | 1.0000 | 1.0000 | 0.9757 | 1.0000 | 1.0000 | 1.0000 | 1.0000 |
| 0.9566 | 0.0000 | 1.0000 | 1.0000 | 1.0000 | 0.9640 | 0.9195 | 1.0000 | 1.0000 | 0.9764 | 1.0000 | 1.0000 | 1.0000 | 1.0000 | 0.9839 | 0.9988 | 1.0000 | 1.0000 | 1.0000 |
| 1.0000 | 1.0000 | 0.0000 | 0.7254 | 0.8756 | 1.0000 | 1.0000 | 0.7481 | 0.9352 | 1.0000 | 0.7618 | 0.7409 | 0.9171 | 0.9043 | 1.0000 | 0.9093 | 0.9125 | 0.8860 | 0.8964 |
| 1.0000 | 1.0000 | 0.7254 | 0.0000 | 0.8727 | 1.0000 | 1.0000 | 0.7634 | 0.9337 | 1.0000 | 0.7643 | 0.7560 | 0.9098 | 0.8971 | 1.0000 | 0.9151 | 0.9125 | 0.8859 | 0.8992 |
| 1.0000 | 1.0000 | 0.8756 | 0.8727 | 0.0000 | 1.0000 | 1.0000 | 0.8855 | 0.8462 | 0.9954 | 0.8809 | 0.8676 | 0.8909 | 0.9019 | 0.9878 | 0.7814 | 0.9292 | 0.8620 | 0.8566 |
| 0.9706 | 0.9640 | 1.0000 | 1.0000 | 1.0000 | 0.0000 | 0.9791 | 1.0000 | 0.9873 | 0.9384 | 1.0000 | 1.0000 | 1.0000 | 1.0000 | 0.9490 | 0.9851 | 1.0000 | 1.0000 | 1.0000 |
| 0.9791 | 0.9195 | 1.0000 | 1.0000 | 1.0000 | 0.9791 | 0.0000 | 1.0000 | 1.0000 | 1.0000 | 1.0000 | 1.0000 | 1.0000 | 1.0000 | 1.0000 | 1.0000 | 1.0000 | 1.0000 | 1.0000 |
| 1.0000 | 1.0000 | 0.7481 | 0.7634 | 0.8855 | 1.0000 | 1.0000 | 0.0000 | 0.9466 | 1.0000 | 0.7395 | 0.7786 | 0.9313 | 0.9091 | 1.0000 | 0.9262 | 0.9250 | 0.8982 | 0.9135 |
| 1.0000 | 1.0000 | 0.9352 | 0.9337 | 0.8462 | 0.9873 | 1.0000 | 0.9466 | 0.0000 | 0.9954 | 0.9479 | 0.9155 | 0.8945 | 0.9378 | 0.9902 | 0.7500 | 0.9375 | 0.9049 | 0.8934 |
| 0.9706 | 0.9764 | 1.0000 | 1.0000 | 0.9954 | 0.9384 | 1.0000 | 1.0000 | 0.9954 | 0.0000 | 1.0000 | 1.0000 | 1.0000 | 1.0000 | 0.8897 | 0.9793 | 1.0000 | 1.0000 | 1.0000 |
| 1.0000 | 1.0000 | 0.7618 | 0.7643 | 0.8809 | 1.0000 | 1.0000 | 0.7395 | 0.9479 | 1.0000 | 0.0000 | 0.8065 | 0.9429 | 0.9282 | 1.0000 | 0.9280 | 0.9396 | 0.9132 | 0.9280 |
| 1.0000 | 1.0000 | 0.7409 | 0.7560 | 0.8676 | 1.0000 | 1.0000 | 0.7786 | 0.9155 | 1.0000 | 0.8065 | 0.0000 | 0.8958 | 0.8947 | 1.0000 | 0.9014 | 0.9083 | 0.8761 | 0.8789 |
| 1.0000 | 1.0000 | 0.9171 | 0.9098 | 0.8909 | 1.0000 | 1.0000 | 0.9313 | 0.8945 | 1.0000 | 0.9429 | 0.8958 | 0.0000 | 0.8900 | 1.0000 | 0.8764 | 0.8979 | 0.8834 | 0.8509 |
| 1.0000 | 1.0000 | 0.9043 | 0.8971 | 0.9019 | 1.0000 | 1.0000 | 0.9091 | 0.9378 | 1.0000 | 0.9282 | 0.8947 | 0.8900 | 0.0000 | 1.0000 | 0.9139 | 0.8958 | 0.8971 | 0.8995 |
| 0.9757 | 0.9839 | 1.0000 | 1.0000 | 0.9878 | 0.9490 | 1.0000 | 1.0000 | 0.9902 | 0.8897 | 1.0000 | 1.0000 | 1.0000 | 1.0000 | 0.0000 | 0.9731 | 1.0000 | 1.0000 | 1.0000 |
| 1.0000 | 0.9988 | 0.9093 | 0.9151 | 0.7814 | 0.9851 | 1.0000 | 0.9262 | 0.7500 | 0.9793 | 0.9280 | 0.9014 | 0.8764 | 0.9139 | 0.9731 | 0.0000 | 0.9271 | 0.8834 | 0.8750 |
| 1.0000 | 1.0000 | 0.9125 | 0.9125 | 0.9292 | 1.0000 | 1.0000 | 0.9250 | 0.9375 | 1.0000 | 0.9396 | 0.9083 | 0.8979 | 0.8958 | 1.0000 | 0.9271 | 0.0000 | 0.9146 | 0.9146 |
| 1.0000 | 1.0000 | 0.8860 | 0.8859 | 0.8620 | 1.0000 | 1.0000 | 0.8982 | 0.9049 | 1.0000 | 0.9132 | 0.8761 | 0.8834 | 0.8971 | 1.0000 | 0.8834 | 0.9146 | 0.0000 | 0.8620 |
| 1.0000 | 1.0000 | 0.8964 | 0.8992 | 0.8566 | 1.0000 | 1.0000 | 0.9135 | 0.8934 | 1.0000 | 0.9280 | 0.8789 | 0.8509 | 0.8995 | 1.0000 | 0.8750 | 0.9146 | 0.8620 | 0.0000 |

### Matriz NCD - Best_12.5_2 (Nivel 12.5%)

| Hours_Studied | Attendance | Parental_Involvement | Access_to_Resources | Extracurricular_Activities | Sleep_Hours | Previous_Scores | Motivation_Level | Internet_Access | Tutoring_Sessions | Family_Income | Teacher_Quality | School_Type | Peer_Influence | Physical_Activity | Learning_Disabilities | Parental_Education_Level | Distance_from_Home | Gender |
| --- | --- | --- | --- | --- | --- | --- | --- | --- | --- | --- | --- | --- | --- | --- | --- | --- | --- | --- |
| 0.0000 | 0.9496 | 1.0000 | 1.0000 | 1.0000 | 0.9642 | 0.9719 | 1.0000 | 1.0000 | 0.9668 | 1.0000 | 1.0000 | 1.0000 | 1.0000 | 0.9706 | 0.9962 | 1.0000 | 1.0000 | 1.0000 |
| 0.9496 | 0.0000 | 1.0000 | 1.0000 | 1.0000 | 0.9625 | 0.9158 | 1.0000 | 1.0000 | 0.9836 | 1.0000 | 1.0000 | 1.0000 | 1.0000 | 0.9894 | 0.9988 | 1.0000 | 1.0000 | 1.0000 |
| 1.0000 | 1.0000 | 0.0000 | 0.7201 | 0.8830 | 1.0000 | 1.0000 | 0.7302 | 0.9262 | 1.0000 | 0.7439 | 0.7583 | 0.9033 | 0.9014 | 1.0000 | 0.9084 | 0.9089 | 0.8931 | 0.8957 |
| 1.0000 | 1.0000 | 0.7201 | 0.0000 | 0.8753 | 1.0000 | 1.0000 | 0.7401 | 0.9313 | 1.0000 | 0.7439 | 0.7455 | 0.9109 | 0.9135 | 1.0000 | 0.9109 | 0.9174 | 0.9033 | 0.9084 |
| 1.0000 | 1.0000 | 0.8830 | 0.8753 | 0.0000 | 1.0000 | 1.0000 | 0.8787 | 0.8452 | 1.0000 | 0.8854 | 0.8837 | 0.8873 | 0.9159 | 0.9851 | 0.8294 | 0.9280 | 0.8797 | 0.8828 |
| 0.9642 | 0.9625 | 1.0000 | 1.0000 | 1.0000 | 0.0000 | 0.9771 | 1.0000 | 0.9938 | 0.9502 | 1.0000 | 1.0000 | 1.0000 | 1.0000 | 0.9481 | 0.9813 | 1.0000 | 1.0000 | 1.0000 |
| 0.9719 | 0.9158 | 1.0000 | 1.0000 | 1.0000 | 0.9771 | 0.0000 | 1.0000 | 1.0000 | 1.0000 | 1.0000 | 1.0000 | 1.0000 | 1.0000 | 1.0000 | 1.0000 | 1.0000 | 1.0000 | 1.0000 |
| 1.0000 | 1.0000 | 0.7302 | 0.7401 | 0.8787 | 1.0000 | 1.0000 | 0.0000 | 0.9307 | 1.0000 | 0.7195 | 0.7599 | 0.9183 | 0.9111 | 1.0000 | 0.9183 | 0.9195 | 0.9109 | 0.9158 |
| 1.0000 | 1.0000 | 0.9262 | 0.9313 | 0.8452 | 0.9938 | 1.0000 | 0.9307 | 0.0000 | 0.9931 | 0.9366 | 0.9114 | 0.8908 | 0.9399 | 0.9826 | 0.7500 | 0.9343 | 0.9209 | 0.9048 |
| 0.9668 | 0.9836 | 1.0000 | 1.0000 | 1.0000 | 0.9502 | 1.0000 | 1.0000 | 0.9931 | 0.0000 | 1.0000 | 1.0000 | 1.0000 | 1.0000 | 0.8830 | 0.9839 | 1.0000 | 1.0000 | 1.0000 |
| 1.0000 | 1.0000 | 0.7439 | 0.7439 | 0.8854 | 1.0000 | 1.0000 | 0.7195 | 0.9366 | 1.0000 | 0.0000 | 0.7780 | 0.9293 | 0.9231 | 1.0000 | 0.9244 | 0.9364 | 0.9122 | 0.9244 |
| 1.0000 | 1.0000 | 0.7583 | 0.7455 | 0.8837 | 1.0000 | 1.0000 | 0.7599 | 0.9114 | 1.0000 | 0.7780 | 0.0000 | 0.8920 | 0.9014 | 1.0000 | 0.9086 | 0.9004 | 0.8920 | 0.8892 |
| 1.0000 | 1.0000 | 0.9033 | 0.9109 | 0.8873 | 1.0000 | 1.0000 | 0.9183 | 0.8908 | 1.0000 | 0.9293 | 0.8920 | 0.0000 | 0.8942 | 1.0000 | 0.8768 | 0.8983 | 0.8829 | 0.8662 |
| 1.0000 | 1.0000 | 0.9014 | 0.9135 | 0.9159 | 1.0000 | 1.0000 | 0.9111 | 0.9399 | 1.0000 | 0.9231 | 0.9014 | 0.8942 | 0.0000 | 1.0000 | 0.9183 | 0.8941 | 0.9038 | 0.9087 |
| 0.9706 | 0.9894 | 1.0000 | 1.0000 | 0.9851 | 0.9481 | 1.0000 | 1.0000 | 0.9826 | 0.8830 | 1.0000 | 1.0000 | 1.0000 | 1.0000 | 0.0000 | 0.9751 | 1.0000 | 1.0000 | 1.0000 |
| 0.9962 | 0.9988 | 0.9084 | 0.9109 | 0.8294 | 0.9813 | 1.0000 | 0.9183 | 0.7500 | 0.9839 | 0.9244 | 0.9086 | 0.8768 | 0.9183 | 0.9751 | 0.0000 | 0.9237 | 0.8924 | 0.8901 |
| 1.0000 | 1.0000 | 0.9089 | 0.9174 | 0.9280 | 1.0000 | 1.0000 | 0.9195 | 0.9343 | 1.0000 | 0.9364 | 0.9004 | 0.8983 | 0.8941 | 1.0000 | 0.9237 | 0.0000 | 0.9174 | 0.9153 |
| 1.0000 | 1.0000 | 0.8931 | 0.9033 | 0.8797 | 1.0000 | 1.0000 | 0.9109 | 0.9209 | 1.0000 | 0.9122 | 0.8920 | 0.8829 | 0.9038 | 1.0000 | 0.8924 | 0.9174 | 0.0000 | 0.8797 |
| 1.0000 | 1.0000 | 0.8957 | 0.9084 | 0.8828 | 1.0000 | 1.0000 | 0.9158 | 0.9048 | 1.0000 | 0.9244 | 0.8892 | 0.8662 | 0.9087 | 1.0000 | 0.8901 | 0.9153 | 0.8797 | 0.0000 |

### Matriz NCD - Best_12.5_3 (Nivel 12.5%)

| Hours_Studied | Attendance | Parental_Involvement | Access_to_Resources | Extracurricular_Activities | Sleep_Hours | Previous_Scores | Motivation_Level | Internet_Access | Tutoring_Sessions | Family_Income | Teacher_Quality | School_Type | Peer_Influence | Physical_Activity | Learning_Disabilities | Parental_Education_Level | Distance_from_Home | Gender |
| --- | --- | --- | --- | --- | --- | --- | --- | --- | --- | --- | --- | --- | --- | --- | --- | --- | --- | --- |
| 0.0000 | 0.9640 | 1.0000 | 1.0000 | 1.0000 | 0.9692 | 0.9815 | 1.0000 | 1.0000 | 0.9744 | 1.0000 | 1.0000 | 1.0000 | 1.0000 | 0.9821 | 1.0000 | 1.0000 | 1.0000 | 1.0000 |
| 0.9640 | 0.0000 | 1.0000 | 1.0000 | 1.0000 | 0.9718 | 0.9034 | 1.0000 | 1.0000 | 1.0000 | 1.0000 | 1.0000 | 1.0000 | 1.0000 | 1.0000 | 1.0000 | 1.0000 | 1.0000 | 1.0000 |
| 1.0000 | 1.0000 | 0.0000 | 0.7513 | 0.8844 | 1.0000 | 1.0000 | 0.7764 | 0.9347 | 1.0000 | 0.8015 | 0.7437 | 0.9246 | 0.9097 | 1.0000 | 0.9221 | 0.9304 | 0.8995 | 0.9095 |
| 1.0000 | 1.0000 | 0.7513 | 0.0000 | 0.8772 | 1.0000 | 1.0000 | 0.7468 | 0.9284 | 1.0000 | 0.7749 | 0.7468 | 0.9207 | 0.9097 | 1.0000 | 0.9207 | 0.9239 | 0.8951 | 0.9079 |
| 1.0000 | 1.0000 | 0.8844 | 0.8772 | 0.0000 | 1.0000 | 1.0000 | 0.8860 | 0.8214 | 0.9902 | 0.8808 | 0.8787 | 0.8864 | 0.9097 | 0.9818 | 0.8254 | 0.9326 | 0.8680 | 0.8713 |
| 0.9692 | 0.9718 | 1.0000 | 1.0000 | 1.0000 | 0.0000 | 0.9794 | 1.0000 | 0.9876 | 0.9627 | 1.0000 | 1.0000 | 1.0000 | 1.0000 | 0.9503 | 0.9834 | 1.0000 | 1.0000 | 1.0000 |
| 0.9815 | 0.9034 | 1.0000 | 1.0000 | 1.0000 | 0.9794 | 0.0000 | 1.0000 | 1.0000 | 1.0000 | 1.0000 | 1.0000 | 1.0000 | 1.0000 | 1.0000 | 1.0000 | 1.0000 | 1.0000 | 1.0000 |
| 1.0000 | 1.0000 | 0.7764 | 0.7468 | 0.8860 | 1.0000 | 1.0000 | 0.0000 | 0.9301 | 1.0000 | 0.7824 | 0.7461 | 0.9197 | 0.9028 | 1.0000 | 0.9171 | 0.9196 | 0.8964 | 0.8964 |
| 1.0000 | 1.0000 | 0.9347 | 0.9284 | 0.8214 | 0.9876 | 1.0000 | 0.9301 | 0.0000 | 0.9878 | 0.9301 | 0.9191 | 0.8788 | 0.9352 | 0.9792 | 0.7413 | 0.9370 | 0.9091 | 0.8787 |
| 0.9744 | 1.0000 | 1.0000 | 1.0000 | 0.9902 | 0.9627 | 1.0000 | 1.0000 | 0.9878 | 0.0000 | 1.0000 | 1.0000 | 1.0000 | 1.0000 | 0.8878 | 0.9780 | 1.0000 | 1.0000 | 1.0000 |
| 1.0000 | 1.0000 | 0.8015 | 0.7749 | 0.8808 | 1.0000 | 1.0000 | 0.7824 | 0.9301 | 1.0000 | 0.0000 | 0.7617 | 0.9352 | 0.9236 | 1.0000 | 0.9223 | 0.9348 | 0.8990 | 0.9171 |
| 1.0000 | 1.0000 | 0.7437 | 0.7468 | 0.8787 | 1.0000 | 1.0000 | 0.7461 | 0.9191 | 1.0000 | 0.7617 | 0.0000 | 0.9057 | 0.8981 | 1.0000 | 0.9057 | 0.9174 | 0.8841 | 0.8895 |
| 1.0000 | 1.0000 | 0.9246 | 0.9207 | 0.8864 | 1.0000 | 1.0000 | 0.9197 | 0.8788 | 1.0000 | 0.9352 | 0.9057 | 0.0000 | 0.9005 | 1.0000 | 0.8636 | 0.9022 | 0.8944 | 0.8603 |
| 1.0000 | 1.0000 | 0.9097 | 0.9097 | 0.9097 | 1.0000 | 1.0000 | 0.9028 | 0.9352 | 1.0000 | 0.9236 | 0.8981 | 0.9005 | 0.0000 | 1.0000 | 0.9190 | 0.9000 | 0.8935 | 0.9074 |
| 0.9821 | 1.0000 | 1.0000 | 1.0000 | 0.9818 | 0.9503 | 1.0000 | 1.0000 | 0.9792 | 0.8878 | 1.0000 | 1.0000 | 1.0000 | 1.0000 | 0.0000 | 0.9688 | 1.0000 | 1.0000 | 1.0000 |
| 1.0000 | 1.0000 | 0.9221 | 0.9207 | 0.8254 | 0.9834 | 1.0000 | 0.9171 | 0.7413 | 0.9780 | 0.9223 | 0.9057 | 0.8636 | 0.9190 | 0.9688 | 0.0000 | 0.9283 | 0.8974 | 0.8676 |
| 1.0000 | 1.0000 | 0.9304 | 0.9239 | 0.9326 | 1.0000 | 1.0000 | 0.9196 | 0.9370 | 1.0000 | 0.9348 | 0.9174 | 0.9022 | 0.9000 | 1.0000 | 0.9283 | 0.0000 | 0.9174 | 0.9152 |
| 1.0000 | 1.0000 | 0.8995 | 0.8951 | 0.8680 | 1.0000 | 1.0000 | 0.8964 | 0.9091 | 1.0000 | 0.8990 | 0.8841 | 0.8944 | 0.8935 | 1.0000 | 0.8974 | 0.9174 | 0.0000 | 0.8768 |
| 1.0000 | 1.0000 | 0.9095 | 0.9079 | 0.8713 | 1.0000 | 1.0000 | 0.8964 | 0.8787 | 1.0000 | 0.9171 | 0.8895 | 0.8603 | 0.9074 | 1.0000 | 0.8676 | 0.9152 | 0.8768 | 0.0000 |

### Matriz NCD - Best_12.5_4 (Nivel 12.5%)

| Hours_Studied | Attendance | Parental_Involvement | Access_to_Resources | Extracurricular_Activities | Sleep_Hours | Previous_Scores | Motivation_Level | Internet_Access | Tutoring_Sessions | Family_Income | Teacher_Quality | School_Type | Peer_Influence | Physical_Activity | Learning_Disabilities | Parental_Education_Level | Distance_from_Home | Gender |
| --- | --- | --- | --- | --- | --- | --- | --- | --- | --- | --- | --- | --- | --- | --- | --- | --- | --- | --- |
| 0.0000 | 0.9722 | 1.0000 | 1.0000 | 1.0000 | 0.9718 | 0.9844 | 1.0000 | 1.0000 | 0.9782 | 1.0000 | 1.0000 | 1.0000 | 1.0000 | 0.9833 | 1.0000 | 1.0000 | 1.0000 | 1.0000 |
| 0.9722 | 0.0000 | 1.0000 | 1.0000 | 1.0000 | 0.9800 | 0.9104 | 1.0000 | 1.0000 | 1.0000 | 1.0000 | 1.0000 | 1.0000 | 1.0000 | 1.0000 | 1.0000 | 1.0000 | 1.0000 | 1.0000 |
| 1.0000 | 1.0000 | 0.0000 | 0.7385 | 0.8949 | 1.0000 | 1.0000 | 0.7538 | 0.9308 | 1.0000 | 0.7974 | 0.7615 | 0.9231 | 0.9080 | 1.0000 | 0.9154 | 0.9158 | 0.8923 | 0.8949 |
| 1.0000 | 1.0000 | 0.7385 | 0.0000 | 0.8923 | 1.0000 | 1.0000 | 0.7513 | 0.9359 | 1.0000 | 0.7769 | 0.7615 | 0.9256 | 0.9057 | 1.0000 | 0.9154 | 0.9201 | 0.9026 | 0.9051 |
| 1.0000 | 1.0000 | 0.8949 | 0.8923 | 0.0000 | 1.0000 | 1.0000 | 0.8846 | 0.8490 | 1.0000 | 0.8889 | 0.8879 | 0.9061 | 0.9103 | 1.0000 | 0.7878 | 0.9309 | 0.8845 | 0.8764 |
| 0.9718 | 0.9800 | 1.0000 | 1.0000 | 1.0000 | 0.0000 | 0.9896 | 1.0000 | 0.9935 | 0.9570 | 1.0000 | 1.0000 | 1.0000 | 1.0000 | 0.9570 | 0.9806 | 1.0000 | 1.0000 | 1.0000 |
| 0.9844 | 0.9104 | 1.0000 | 1.0000 | 1.0000 | 0.9896 | 0.0000 | 1.0000 | 1.0000 | 1.0000 | 1.0000 | 1.0000 | 1.0000 | 1.0000 | 1.0000 | 1.0000 | 1.0000 | 1.0000 | 1.0000 |
| 1.0000 | 1.0000 | 0.7538 | 0.7513 | 0.8846 | 1.0000 | 1.0000 | 0.0000 | 0.9359 | 1.0000 | 0.7615 | 0.7795 | 0.9333 | 0.9149 | 1.0000 | 0.9128 | 0.9266 | 0.9051 | 0.9077 |
| 1.0000 | 1.0000 | 0.9308 | 0.9359 | 0.8490 | 0.9935 | 1.0000 | 0.9359 | 0.0000 | 0.9976 | 0.9302 | 0.9138 | 0.8881 | 0.9287 | 0.9870 | 0.7226 | 0.9287 | 0.9099 | 0.8982 |
| 0.9782 | 1.0000 | 1.0000 | 1.0000 | 1.0000 | 0.9570 | 1.0000 | 1.0000 | 0.9976 | 0.0000 | 1.0000 | 1.0000 | 1.0000 | 1.0000 | 0.9065 | 0.9784 | 1.0000 | 1.0000 | 1.0000 |
| 1.0000 | 1.0000 | 0.7974 | 0.7769 | 0.8889 | 1.0000 | 1.0000 | 0.7615 | 0.9302 | 1.0000 | 0.0000 | 0.8140 | 0.9354 | 0.9172 | 1.0000 | 0.9147 | 0.9374 | 0.9018 | 0.9173 |
| 1.0000 | 1.0000 | 0.7615 | 0.7615 | 0.8879 | 1.0000 | 1.0000 | 0.7795 | 0.9138 | 1.0000 | 0.8140 | 0.0000 | 0.8966 | 0.8897 | 1.0000 | 0.8966 | 0.8942 | 0.8845 | 0.8764 |
| 1.0000 | 1.0000 | 0.9231 | 0.9256 | 0.9061 | 1.0000 | 1.0000 | 0.9333 | 0.8881 | 1.0000 | 0.9354 | 0.8966 | 0.0000 | 0.8920 | 1.0000 | 0.8664 | 0.8942 | 0.8986 | 0.8592 |
| 1.0000 | 1.0000 | 0.9080 | 0.9057 | 0.9103 | 1.0000 | 1.0000 | 0.9149 | 0.9287 | 1.0000 | 0.9172 | 0.8897 | 0.8920 | 0.0000 | 1.0000 | 0.9126 | 0.8855 | 0.8943 | 0.9011 |
| 0.9833 | 1.0000 | 1.0000 | 1.0000 | 1.0000 | 0.9570 | 1.0000 | 1.0000 | 0.9870 | 0.9065 | 1.0000 | 1.0000 | 1.0000 | 1.0000 | 0.0000 | 0.9714 | 1.0000 | 1.0000 | 1.0000 |
| 1.0000 | 1.0000 | 0.9154 | 0.9154 | 0.7878 | 0.9806 | 1.0000 | 0.9128 | 0.7226 | 0.9784 | 0.9147 | 0.8966 | 0.8664 | 0.9126 | 0.9714 | 0.0000 | 0.9179 | 0.8930 | 0.8764 |
| 1.0000 | 1.0000 | 0.9158 | 0.9201 | 0.9309 | 1.0000 | 1.0000 | 0.9266 | 0.9287 | 1.0000 | 0.9374 | 0.8942 | 0.8942 | 0.8855 | 1.0000 | 0.9179 | 0.0000 | 0.9201 | 0.9050 |
| 1.0000 | 1.0000 | 0.8923 | 0.9026 | 0.8845 | 1.0000 | 1.0000 | 0.9051 | 0.9099 | 1.0000 | 0.9018 | 0.8845 | 0.8986 | 0.8943 | 1.0000 | 0.8930 | 0.9201 | 0.0000 | 0.8789 |
| 1.0000 | 1.0000 | 0.8949 | 0.9051 | 0.8764 | 1.0000 | 1.0000 | 0.9077 | 0.8982 | 1.0000 | 0.9173 | 0.8764 | 0.8592 | 0.9011 | 1.0000 | 0.8764 | 0.9050 | 0.8789 | 0.0000 |

### Matriz NCD - Worst_12.5_1 (Nivel 12.5%)

